Date	E0	E1	E2	E3	E4	E5	E6	E7	E8	EC	EF	Etotal	I0	I1	I2	I3	I4	I5	IC	Itotal	R0	R1	R2	R3	Rtotal	D0	D1	D2	D3	D4	Dtotal	BB	NW	U0	U1	U2	U3
2015-09-01	912	1650.000000000	100	0	50	0.000000000	0	0	0	0	0	2712.000000000	4800.000000000	0	0	0	0	0	0	4800.000000000	130000.000000000	25000.000000000	0.000000000	0	155000.000000000	0.00000000	0.000000000	0	0	0	0.000000000	2088.000000000	157088.000000000	155000	0	0.0000000	0.000000000
2015-10-01	912	1656.875000000	100	0	50	0.000000000	0	0	0	0	0	2718.875000000	4806.000000000	0	0	0	0	0	0	4806.000000000	130054.166666667	25062.500000000	0.000000000	0	155116.666666667	0.00000000	0.000000000	0	0	0	0.000000000	2087.125000000	159291.791666667	0	0	0.0000000	0.000000000
2015-11-01	912	1663.778645833	100	0	50	0.000000000	0	0	0	0	0	2725.778645833	4812.007500000	0	0	0	0	0	0	4812.007500000	130054.166666667	25062.500000000	0.000000000	0	155116.666666667	0.00000000	0.000000000	0	0	0	0.000000000	2086.228854167	161378.020520833	0	0	0.0000000	0.000000000
2015-12-01	912	1670.711056858	100	0	50	0.000000000	0	0	0	0	0	2732.711056858	4818.022509375	0	0	0	0	0	0	4818.022509375	130054.166666667	25062.500000000	0.000000000	0	155116.666666667	0.00000000	0.000000000	0	0	0	0.000000000	2085.311452517	163463.331973351	0	0	0.0000000	0.000000000
2016-01-01	912	1660.341175673	100	0	50	0.000000000	0	0	0	0	0	2722.341175673	4809.007502344	0	0	0	0	0	0	4809.007502344	130054.166666667	25062.500000000	0.000000000	0	155116.666666667	0.00000000	0.000000000	0	0	0	0.000000000	2086.666326671	165549.998300022	0	0	0.0000000	0.000000000
2016-02-01	912	1667.259263905	100	0	50	0.000000000	0	0	0	0	0	2729.259263905	4815.018761722	0	0	0	0	0	0	4815.018761722	130054.166666667	25062.500000000	0.000000000	0	155116.666666667	0.00000000	0.000000000	0	0	0	0.000000000	2085.759497817	167635.757797839	0	0	0.0000000	0.000000000
2016-03-01	912	1674.206177504	100	0	50	0.000000000	0	0	0	0	0	2736.206177504	4821.037535174	0	0	0	0	0	0	4821.037535174	130054.166666667	25062.500000000	0.000000000	0	155116.666666667	0.00000000	0.000000000	0	0	0	0.000000000	2084.831357670	169720.589155509	0	0	0.0000000	0.000000000
2016-04-01	912	1681.182036577	100	0	50	0.000000000	0	0	0	0	0	2743.182036577	4827.063832093	0	0	0	0	0	0	4827.063832093	130054.166666667	25062.500000000	0.000000000	0	155116.666666667	0.00000000	0.000000000	0	0	0	0.000000000	2083.881795516	171804.470951024	0	0	0.0000000	0.000000000
2016-05-01	912	1688.186961730	100	0	50	0.000000000	0	0	0	0	0	2750.186961730	4833.097661883	0	0	0	0	0	0	4833.097661883	130054.166666667	25062.500000000	0.000000000	0	155116.666666667	0.00000000	0.000000000	0	0	0	0.000000000	2082.910700153	173887.381651177	0	0	0.0000000	0.000000000
2016-06-01	912	1695.221074070	100	0	50	0.000000000	0	0	0	0	0	2757.221074070	4839.139033960	0	0	0	0	0	0	4839.139033960	130054.166666667	25062.500000000	0.000000000	0	155116.666666667	0.00000000	0.000000000	0	0	0	0.000000000	2081.917959890	175969.299611067	0	0	0.0000000	0.000000000
2016-07-01	912	1702.284495212	100	0	50	0.000000000	0	0	0	0	0	2764.284495212	4845.187957753	0	0	0	0	0	0	4845.187957753	130054.166666667	25062.500000000	0.000000000	0	155116.666666667	0.00000000	0.000000000	0	0	0	0.000000000	2080.903462541	178050.203073608	0	0	0.0000000	0.000000000
2016-08-01	2350	1709.377347276	100	0	50	0.000000000	0	0	0	0	0	4209.377347276	4200.000000000	0	0	0	0	0	0	4200.000000000	20054.166666667	25062.500000000	110000.000000000	0	155116.666666667	150000.00000000	0.000000000	0	0	0	150000.000000000	-9.377347276	28040.825726332	110000	110000	0.0000000	0.000000000
2016-09-01	350	1716.499752889	100	0	50	752.007396626	0	0	0	0	0	2968.507149515	4205.250000000	0	0	0	0	0	0	4205.250000000	20054.166666667	25062.500000000	110200.785986561	0	155317.452653228	149799.21401344	0.000000000	0	0	0	149799.214013439	1236.742850485	29679.140549938	0	0	0.0000000	752.007396626
2016-10-01	350	1723.651835193	100	0	50	752.007396626	0	0	0	0	0	2975.659231819	4210.506562500	0	0	0	0	0	0	4210.506562500	20054.166666667	25062.500000000	110402.309823352	0	155518.976490019	149597.69017665	0.000000000	0	0	0	149597.690176648	1234.847330681	31317.035554202	0	0	0.0000000	752.007396626
2016-11-01	350	1730.833717840	100	0	50	752.007396626	0	0	0	0	0	2982.841114466	4215.769695703	0	0	0	0	0	0	4215.769695703	20054.166666667	25062.500000000	110604.574221833	0	155721.240888500	149395.42577817	0.000000000	0	0	0	149395.425778167	1232.928581238	32954.492932402	0	0	0.0000000	752.007396626
2016-12-01	350	1738.045524997	100	0	50	752.007396626	0	0	0	0	0	2990.052921623	4221.039407823	0	0	0	0	0	0	4221.039407823	20054.166666667	25062.500000000	110807.581903427	0	155924.248570094	149192.41809657	0.000000000	0	0	0	149192.418096573	1230.986486199	34591.494781790	0	0	0.0000000	752.007396626
2017-01-01	350	1745.287381351	100	0	50	752.007396626	0	0	0	0	0	2997.294777977	4226.315707083	0	0	0	0	0	0	4226.315707083	20054.166666667	25062.500000000	111011.335599558	0	156128.002266225	148988.66440044	0.000000000	0	0	0	148988.664400442	1229.020929105	36228.023103157	0	0	0.0000000	752.007396626
2017-02-01	350	1752.559412107	100	0	50	752.007396626	0	0	0	0	0	3004.566808733	4231.598601716	0	0	0	0	0	0	4231.598601716	20054.166666667	25062.500000000	111215.838051687	0	156332.504718354	148784.16194831	0.000000000	0	0	0	148784.161948313	1227.031792983	37864.059800398	0	0	0.0000000	752.007396626
2017-03-01	350	1759.861742991	100	0	50	752.007396626	0	0	0	0	0	3011.869139617	4236.888099969	0	0	0	0	0	0	4236.888099969	20054.166666667	25062.500000000	111421.092011349	0	156537.758678016	148578.90798865	0.000000000	0	0	0	148578.907988651	1225.018960352	39499.586680074	0	0	0.0000000	752.007396626
2017-04-01	350	1767.194500253	100	0	50	752.007396626	0	0	0	0	0	3019.201896879	4242.184210093	0	0	0	0	0	0	4242.184210093	20054.166666667	25062.500000000	111627.100240192	0	156743.766906859	148372.89975981	0.000000000	0	0	0	148372.899759808	1222.982313214	41134.585450974	0	0	0.0000000	752.007396626
2017-05-01	350	1774.557810671	100	0	50	752.007396626	0	0	0	0	0	3026.565207297	4247.486940356	0	0	0	0	0	0	4247.486940356	20054.166666667	25062.500000000	111833.865510011	0	156950.532176678	148166.13448999	0.000000000	0	0	0	148166.134489989	1220.921733059	42769.037723670	0	0	0.0000000	752.007396626
2017-06-01	350	1781.951801549	100	0	50	752.007396626	0	0	0	0	0	3033.959198175	4252.796299032	0	0	0	0	0	0	4252.796299032	20054.166666667	25062.500000000	112041.390602787	0	157158.057269454	147958.60939721	0.000000000	0	0	0	147958.609397213	1218.837100857	44402.925010079	0	0	0.0000000	752.007396626
2017-07-01	350	1789.376600722	100	0	50	752.007396626	0	0	0	0	0	3041.383997348	4258.112294405	0	0	0	0	0	0	4258.112294405	20054.166666667	25062.500000000	112249.678310724	0	157366.344977391	147750.32168928	0.000000000	0	0	0	147750.321689276	1216.728297057	46036.228723011	0	0	0.0000000	752.007396626
2017-08-01	350	1796.832336558	100	0	50	752.007396626	0	0	0	0	0	3048.839733184	4263.434934773	0	0	0	0	0	0	4263.434934773	20054.166666667	25062.500000000	112458.731436289	0	157575.398102956	147541.26856371	0.000000000	0	0	0	147541.268563711	1214.595201589	47668.930175730	0	0	0.0000000	752.007396626
2017-09-01	350	1804.319137961	100	0	50	752.007396626	0	0	0	0	0	3056.326534587	4268.764228442	0	0	0	0	0	0	4268.764228442	20054.166666667	25062.500000000	112668.552792245	0	157785.219458912	147331.44720776	0.000000000	0	0	0	147331.447207755	1212.437693855	49301.010581497	0	0	0.0000000	752.007396626
2017-10-01	350	1811.837134369	100	0	50	752.007396626	0	0	0	0	0	3063.844530995	4274.100183727	0	0	0	0	0	0	4274.100183727	20054.166666667	25062.500000000	112879.145201692	0	157995.811868359	147120.85479831	0.000000000	0	0	0	147120.854798308	1210.255652733	50932.451053123	0	0	0.0000000	752.007396626
2017-11-01	350	1819.386455762	100	0	50	752.007396626	0	0	0	0	0	3071.393852388	4279.442808957	0	0	0	0	0	0	4279.442808957	20054.166666667	25062.500000000	113090.511498105	0	158207.178164772	146909.48850190	0.000000000	0	0	0	146909.488501895	1208.048956569	52563.232602518	0	0	0.0000000	752.007396626
2017-12-01	350	1826.967232661	100	0	50	752.007396626	0	0	0	0	0	3078.974629287	4284.792112468	0	0	0	0	0	0	4284.792112468	20054.166666667	25062.500000000	113302.654525371	0	158419.321192038	146697.34547463	0.000000000	0	0	0	146697.345474629	1205.817483181	54193.336140231	0	0	0.0000000	752.007396626
2018-01-01	350	1834.579596130	100	0	50	752.007396626	0	0	0	0	0	3086.586992756	4290.148102609	0	0	0	0	0	0	4290.148102609	20054.166666667	25062.500000000	113515.577137827	0	158632.243804494	146484.42286217	0.000000000	0	0	0	146484.422862173	1203.561109852	55822.742474997	0	0	0.0000000	752.007396626
2018-02-01	350	1842.223677781	100	0	50	752.007396626	0	0	0	0	0	3094.231074407	4295.510787737	0	0	0	0	0	0	4295.510787737	20054.166666667	25062.500000000	113729.282200302	0	158845.948866969	146270.71779970	0.000000000	0	0	0	146270.717799698	1201.279713330	57451.432313276	0	0	0.0000000	752.007396626
2018-03-01	350	1849.899609772	100	0	50	752.007396626	0	0	0	0	0	3101.907006398	4300.880176222	0	0	0	0	0	0	4300.880176222	20054.166666667	25062.500000000	113943.772588149	0	159060.439254816	146056.22741185	0.000000000	0	0	0	146056.227411851	1198.973169824	59079.386258795	0	0	0.0000000	752.007396626
2018-04-01	350	1857.607524812	100	0	50	752.007396626	0	0	0	0	0	3109.614921438	4306.256276442	0	0	0	0	0	0	4306.256276442	20054.166666667	25062.500000000	114159.051187290	0	159275.717853957	145840.94881271	0.000000000	0	0	0	145840.948812710	1196.641355004	60706.584812080	0	0	0.0000000	752.007396626
2018-05-01	350	1865.347556166	100	0	50	752.007396626	0	0	0	0	0	3117.354952792	4311.639096788	0	0	0	0	0	0	4311.639096788	20054.166666667	25062.500000000	114375.120894250	0	159491.787560917	145624.87910575	0.000000000	0	0	0	145624.879105750	1194.284143996	62333.008369996	0	0	0.0000000	752.007396626
2018-06-01	350	1873.119837650	100	0	50	752.007396626	0	0	0	0	0	3125.127234276	4317.028645659	0	0	0	0	0	0	4317.028645659	20054.166666667	25062.500000000	114591.984616201	0	159708.651282868	145408.01538380	0.000000000	0	0	0	145408.015383799	1191.901411383	63958.637225281	0	0	0.0000000	752.007396626
2018-07-01	350	1880.924503640	100	0	50	752.007396626	0	0	0	0	0	3132.931900266	4322.424931466	0	300	0	0	0	0	4622.424931466	20054.166666667	25062.500000000	114809.645270996	0	159926.311937663	145190.35472900	0.000000000	0	0	0	145190.354729004	1489.493031200	65883.451566070	0	0	0.0000000	752.007396626
2018-08-01	350	1888.761689072	100	0	50	752.007396626	0	0	0	0	0	3140.769085698	4327.827962630	0	300	0	0	0	0	4627.827962630	20054.166666667	25062.500000000	115028.105787211	0	160144.772453878	144971.89421279	0.000000000	0	0	0	144971.894212789	1487.058876932	67807.431475432	0	0	0.0000000	752.007396626
2018-09-01	350	1896.631529443	100	0	50	752.007396626	0	0	0	0	0	3148.638926069	4333.237747583	0	300	0	0	0	0	4633.237747583	20054.166666667	25062.500000000	115247.369104185	0	160364.035770852	144752.63089582	0.000000000	0	0	0	144752.630895815	1484.598821514	69730.556930894	0	0	0.0000000	752.007396626
2018-10-01	350	1904.534160816	100	0	50	752.007396626	0	0	0	0	0	3156.541557442	4338.654294768	0	300	0	0	0	0	4638.654294768	20054.166666667	25062.500000000	115467.438172057	0	160584.104838724	144532.56182794	0.000000000	0	0	0	144532.561827943	1482.112737326	71652.807803964	0	0	0.0000000	752.007396626
2018-11-01	350	1912.469719819	100	0	50	752.007396626	0	0	0	0	0	3164.477116445	4344.077612636	0	300	0	0	0	0	4644.077612636	20054.166666667	25062.500000000	115688.315951808	0	160804.982618475	144311.68404819	0.000000000	0	0	0	144311.684048192	1479.600496191	73574.163859659	0	0	0.0000000	752.007396626
2018-12-01	350	1920.438343652	100	0	50	752.007396626	0	0	0	0	0	3172.445740278	4349.507709652	0	300	0	0	0	0	4649.507709652	20054.166666667	25062.500000000	115910.005415301	0	161026.672081968	144089.99458470	0.000000000	0	0	0	144089.994584699	1477.061969374	75494.604756019	0	0	0.0000000	752.007396626
2019-01-01	350	1928.440170083	100	0	50	752.007396626	0	0	0	0	0	3180.447566710	4354.944594289	0	300	0	0	0	0	4654.944594289	20054.166666667	25062.500000000	116132.509545318	0	161249.176211985	143867.49045468	0.000000000	0	0	0	143867.490454681	1474.497027580	77414.110043633	0	0	0.0000000	752.007396626
2019-02-01	350	1936.475337459	100	0	50	752.007396626	0	0	0	0	0	3188.482734085	4360.388275032	0	300	0	0	0	0	4660.388275032	20054.166666667	25062.500000000	116355.831335604	0	161472.498002271	143644.16866440	0.000000000	0	0	0	143644.168664395	1471.905540947	79332.659165152	0	0	0.0000000	752.007396626
2019-03-01	350	1944.543984698	100	0	50	752.007396626	0	0	0	0	0	3196.551381324	4365.838760376	0	300	0	0	0	0	4665.838760376	20054.166666667	25062.500000000	116579.973790905	0	161696.640457572	143420.02620910	0.000000000	0	0	0	143420.026209095	1469.287379051	81250.231454804	0	0	0.0000000	752.007396626
2019-04-01	350	1952.646251301	100	0	50	752.007396626	0	0	0	0	0	3204.653647927	4371.296058826	0	300	0	0	0	0	4671.296058826	20054.166666667	25062.500000000	116804.939927006	0	161921.606593673	143195.06007299	0.000000000	0	0	0	143195.060072993	1466.642410899	83166.806137907	0	0	0.0000000	752.007396626
2019-05-01	350	1960.782277348	100	0	50	752.007396626	0	0	0	0	0	3212.789673974	4376.760178900	0	300	0	0	0	0	4676.760178900	20054.166666667	25062.500000000	117030.732770780	0	162147.399437447	142969.26722922	0.000000000	0	0	0	142969.267229220	1463.970504925	85082.362330379	0	0	0.0000000	752.007396626
2019-06-01	350	1968.952203504	100	0	50	752.007396626	0	0	0	0	0	3220.959600130	4382.231129123	0	300	0	0	0	0	4682.231129123	20054.166666667	25062.500000000	117257.355360219	0	162374.022026886	142742.64463978	0.000000000	0	0	0	142742.644639781	1461.271528993	86996.879038250	0	0	0.0000000	752.007396626
2019-07-01	350	1977.156171018	100	0	50	752.007396626	0	0	0	0	0	3229.163567644	4387.708918035	0	300	0	0	0	0	4687.708918035	20054.166666667	25062.500000000	117484.810744479	0	162601.477411146	142515.18925552	0.000000000	0	0	0	142515.189255520	1458.545350390	88910.335157161	0	0	0.0000000	752.007396626
2019-08-01	350	1985.394321731	100	0	50	752.007396626	0	0	0	0	0	3237.401718357	4393.193554182	0	300	0	0	0	0	4693.193554182	20054.166666667	25062.500000000	117713.101983924	0	162829.768650591	142286.89801608	0.000000000	0	0	0	142286.898016076	1455.791835825	90822.709471876	0	0	0.0000000	752.007396626
2019-09-01	350	1993.666798072	100	0	50	752.007396626	0	0	0	0	0	3245.674194698	4398.685046125	0	300	0	0	0	0	4698.685046125	20054.166666667	25062.500000000	117942.232150162	0	163058.898816829	142057.76784984	0.000000000	0	0	0	142057.767849838	1453.010851427	92733.980655779	0	0	0.0000000	752.007396626
2019-10-01	350	2001.973743064	100	0	50	752.007396626	0	0	0	0	0	3253.981139690	4404.183402433	0	300	0	0	0	0	4704.183402433	20054.166666667	25062.500000000	118172.204326088	0	163288.870992755	141827.79567391	0.000000000	0	0	0	141827.795673912	1450.202262743	94644.127270375	0	0	0.0000000	752.007396626
2019-11-01	350	2010.315300326	100	0	50	752.007396626	0	0	0	0	0	3262.322696952	4409.688631686	0	300	0	0	0	0	4709.688631686	20054.166666667	25062.500000000	118403.021605928	0	163519.688272595	141596.97839407	0.000000000	0	0	0	141596.978394071	1447.365934733	96553.127764789	0	0	0.0000000	752.007396626
2019-12-01	350	2018.691614078	100	0	50	752.007396626	0	0	0	0	0	3270.699010704	4415.200742475	0	300	0	0	0	0	4715.200742475	20054.166666667	25062.500000000	118634.687095278	0	163751.353761945	141365.31290472	0.000000000	0	0	0	141365.312904721	1444.501731772	98460.960475260	0	0	0.0000000	752.007396626
2020-01-01	350	2027.102829136	100	0	50	752.007396626	0	0	0	0	0	3279.110225762	4420.719743403	0	300	0	0	0	0	4720.719743403	20054.166666667	25062.500000000	118867.203911147	0	163983.870577814	141132.79608885	0.000000000	0	0	0	141132.796088853	1441.609517641	100367.603624638	0	0	0.0000000	752.007396626
2020-02-01	350	2035.549090924	100	0	50	752.007396626	0	0	0	0	0	3287.556487550	4426.245643083	0	300	0	0	0	0	4726.245643083	20012.387152778	24958.072916667	118605.295165699	0	163575.755235144	140899.42481800	0.000000000	0	0	0	140899.424818004	1438.689155532	101631.548708349	0	0	0.0000000	752.007396626
2020-03-01	350	2044.030545470	100	0	50	752.007396626	0	0	0	0	0	3296.037942096	4431.778450137	0	300	0	0	0	0	4731.778450137	19970.694679543	24854.080946181	118345.335301631	0	163170.110927354	140665.19595222	0.000000000	0	0	0	140665.195952216	1435.740508041	102895.873774389	0	0	0.0000000	752.007396626
2020-04-01	350	2052.547339409	100	0	50	752.007396626	0	0	0	0	0	3304.554736035	4437.318173199	0	300	0	0	0	0	4737.318173199	19929.089065627	24750.522275571	118087.319350100	0	162766.930691299	140430.10633999	0.000000000	0	0	0	140430.106339989	1432.763437164	104160.546587724	0	0	0.0000000	752.007396626
2020-05-01	350	2061.099619990	100	0	50	752.007396626	0	0	0	0	0	3313.107016616	4442.864820916	0	300	0	0	0	0	4742.864820916	19887.570130074	24647.395099423	117831.242374552	0	162366.207604049	140194.15281825	0.000000000	0	0	0	140194.152818246	1429.757804299	105425.534826517	0	0	0.0000000	752.007396626
2020-06-01	350	2069.687535074	100	0	50	752.007396626	0	0	0	0	0	3321.694931700	4448.418401942	0	300	0	0	0	0	4748.418401942	19846.137692303	24544.697619842	117577.099470621	0	161967.934782766	139957.33221228	0.000000000	0	0	0	139957.332212282	1426.723470242	106690.806081440	0	0	0.0000000	752.007396626
2020-07-01	350	2078.311233136	100	0	50	752.007396626	0	0	0	0	0	3330.318629762	4453.978924944	0	300	0	0	0	0	4753.978924944	12804.791572111	24442.428046426	117324.885766046	0	154572.105384583	139719.64133573	10000.000000000	0	0	0	149719.641335730	1423.660295182	90956.327854990	0	7000	0.0000000	752.007396626
2020-08-01	350	2086.970863274	100	0	50	940.211380322	0	0	0	0	0	3527.182243596	4459.546398600	0	300	0	0	0	0	4759.546398600	12778.114923002	24340.584596233	117074.596420574	0	154193.295939809	139481.07699051	9852.537254141	0	0	0	149333.614244651	1232.364155004	92195.909656299	0	0	0.0000000	940.211380322
2020-09-01	350	2095.666575205	100	0	50	940.211380322	0	0	0	0	0	3535.877955526	4465.120831599	0	300	0	0	0	0	4765.120831599	12751.493850246	24239.165493749	116826.226625873	0	153816.885969868	139241.63596679	9704.473726802	0	0	0	148946.109693594	1229.242876072	93436.247113488	0	0	0.0000000	940.211380322
2020-10-01	350	2104.398519268	100	0	50	940.211380322	0	0	0	0	0	3544.609899590	4470.702232638	0	300	0	0	0	0	4770.702232638	12724.928238058	24138.168970858	116579.771605442	0	153442.868814358	139001.31504295	9555.806970324	0	0	0	148557.122013273	1226.092333049	94677.309971347	0	0	0.0000000	940.211380322
2020-11-01	350	2113.166846432	100	0	50	940.211380322	0	0	0	0	0	3553.378226753	4476.290610429	0	300	0	0	0	0	4776.290610429	12698.417970895	24037.593266813	116335.226614519	0	153071.237852227	138760.11098552	9406.534527079	0	0	0	148166.645512594	1222.912383676	95919.067893571	0	0	0.0000000	940.211380322
2020-12-01	350	2121.971708292	100	0	50	940.211380322	0	0	0	0	0	3562.183088613	4481.885973692	0	300	0	0	0	0	4781.885973692	12671.962933456	23937.436628201	116092.586939996	0	152701.986501653	138518.02054914	9256.653929422	0	0	0	147774.674478566	1219.702885079	97161.490462103	0	0	0.0000000	940.211380322
2021-01-01	350	2130.813257076	100	0	50	940.211380322	0	0	0	0	0	3571.024637398	4487.488331159	0	300	0	0	0	0	4787.488331159	12645.563010678	23837.697308917	115851.847900328	0	152335.108219923	138275.04047656	9106.162699657	0	0	0	147381.203176219	1216.463693761	98404.547176481	0	0	0.0000000	940.211380322
2021-02-01	350	2139.691645647	100	0	50	940.211380322	0	0	0	0	0	3579.903025969	4493.097691573	0	300	0	0	0	0	4793.097691573	12619.218087739	23738.373570130	115613.004845447	0	151970.596503316	138031.16749853	8955.058349994	0	0	0	146986.225848519	1213.194665604	99648.207453178	0	0	0.0000000	940.211380322
2021-03-01	350	2148.607027504	100	0	50	940.211380322	0	0	0	0	0	3588.818407826	4498.714063688	0	300	0	0	0	0	4798.714063688	12592.928050056	23639.463680254	115376.053156673	0	151608.444886984	137786.39833378	8803.338382506	0	0	0	146589.736716282	1209.895655862	100892.440624945	0	0	0.0000000	940.211380322
2021-04-01	350	2157.559556786	100	0	50	940.211380322	0	0	0	0	0	3597.770937107	4504.337456267	0	300	0	0	0	0	4804.337456267	12566.692783285	23540.965914920	115140.988246631	0	151248.646944836	137540.72968900	8651.000289090	0	0	0	146191.729978090	1206.566519160	102137.215940150	0	0	0.0000000	940.211380322
2021-05-01	350	2166.549388272	100	0	50	940.211380322	0	0	0	0	0	3606.760768594	4509.967878087	0	300	0	0	0	0	4809.967878087	12540.512173320	23442.878556941	114907.805559158	0	150891.196289419	137294.15825878	8498.041551425	0	0	0	145792.199810202	1203.207109494	103382.502562114	0	0	0.0000000	940.211380322
2021-06-01	350	2175.576677390	100	0	50	940.211380322	0	0	0	0	0	3615.788057712	4515.605337935	0	300	0	0	0	0	4815.605337935	12514.386106292	23345.199896287	114676.500569227	0	150536.086571806	137046.68072555	8344.459640928	0	0	0	145391.140366474	1199.817280223	104628.269568453	0	0	0.0000000	940.211380322
2021-07-01	350	2184.641580212	100	0	50	940.211380322	0	0	0	0	0	3624.852960534	4521.249844608	0	300	0	0	0	0	4821.249844608	12488.314468571	23247.928230052	114447.068782852	0	150183.311481476	136798.29375955	8190.252018717	0	0	0	144988.545778266	1196.396884073	105874.485950403	0	0	0.0000000	940.211380322
2021-08-01	350	2193.744253463	100	0	50	940.211380322	0	0	0	0	0	3633.955633785	4526.901406913	0	300	0	0	0	0	4826.901406913	12462.297146761	23151.061862427	114219.505737012	0	149832.864746200	136548.99401879	8035.416135565	0	0	0	144584.410154359	1192.945773128	107121.120612163	0	0	0.0000000	940.211380322
2021-09-01	350	2202.884854519	100	0	50	940.211380322	0	0	0	0	0	3643.096234841	4532.560033672	0	300	0	0	0	0	4832.560033672	12436.334027706	23054.599104667	113993.806999560	0	149484.740131933	136298.77814901	7879.949431859	0	0	0	144178.727580868	1189.463798831	108368.142370218	0	0	0.0000000	940.211380322
2021-10-01	350	2212.063541413	100	0	50	940.211380322	0	0	0	0	0	3652.274921735	4538.225733714	0	300	0	0	0	0	4838.225733714	12410.424998481	22958.538275064	113769.968169144	0	149138.931442690	136047.64278359	7723.849337558	0	0	0	143771.492121150	1185.950811979	109615.519952672	0	0	0.0000000	940.211380322
2021-11-01	350	2221.280472836	100	0	50	940.211380322	0	0	0	0	0	3661.491853157	4543.898515881	0	300	0	0	0	0	4843.898515881	12384.569946401	22862.877698918	113547.984875124	0	148795.432520443	135795.58454357	7567.113272150	0	0	0	143362.697815725	1182.406662724	110863.221998574	0	0	0.0000000	940.211380322
2021-12-01	350	2230.535808139	100	0	50	940.211380322	0	0	0	0	0	3670.747188461	4549.578389026	0	300	0	0	0	0	4849.578389026	12358.768759013	22767.615708506	113327.852777485	0	148454.237245004	135542.60003757	7409.738644610	0	0	0	142952.338682177	1178.831200565	112111.217057247	0	0	0.0000000	940.211380322
2022-01-01	350	2239.829707340	100	0	50	940.211380322	0	0	0	0	0	3680.041087662	4555.265362012	0	300	0	0	0	0	4855.265362012	12333.021324098	22672.750643054	113109.567566760	0	148115.339533913	135288.68586172	7251.722853357	0	0	0	142540.408715076	1175.224274351	113359.473587608	0	0	0.0000000	940.211380322
2022-02-01	350	2249.162331121	100	0	50	940.211380322	0	0	0	0	0	3689.373711442	4560.959443715	0	300	0	0	0	0	4860.959443715	12307.327529673	22578.280848708	112893.124963948	0	147778.733342328	135033.83859967	7093.063286211	0	0	0	142126.901885881	1171.585732273	114607.959957492	0	0	0.0000000	940.211380322
2022-03-01	350	2258.533840834	100	0	50	940.211380322	0	0	0	0	0	3698.745221155	4566.660643019	0	300	0	0	0	0	4866.660643019	12281.687263986	22484.204678505	112678.520720427	0	147444.412662919	134778.05482251	6933.757320348	0	0	0	141711.812142856	1167.915421864	115856.644442971	0	0	0.0000000	940.211380322
2022-04-01	350	2267.944398504	100	0	50	940.211380322	0	0	0	0	0	3708.155778825	4572.368968823	0	300	0	0	0	0	4872.368968823	12256.100415519	22390.520492345	112465.750617884	0	147112.371525748	134521.33108872	6773.802322262	0	0	0	141295.133410977	1164.213189998	117105.495227677	0	0	0.0000000	940.211380322
2022-05-01	350	2277.394166831	100	0	50	940.211380322	0	0	0	0	0	3717.605547152	4578.084430034	0	300	0	0	0	0	4878.084430034	12230.566872987	22297.226656960	112254.810468225	0	146782.603998172	134263.66394413	6613.195647713	0	0	0	140876.859591847	1160.478882882	118354.480402113	0	0	0.0000000	940.211380322
2022-06-01	350	2286.883309193	100	0	50	940.211380322	0	0	0	0	0	3727.094689514	4583.807035572	0	300	0	0	0	0	4883.807035572	12205.086525335	22204.321545889	112045.696113501	0	146455.104184725	134005.04992191	6451.934641692	0	0	0	140456.984563598	1156.712346058	119603.567962973	0	0	0.0000000	940.211380322
2022-07-01	350	2296.411989648	100	0	50	940.211380322	0	0	0	0	0	3736.623369969	4589.536794366	0	300	0	0	0	0	4889.536794366	12179.659261741	22111.803539448	111838.403425828	0	146129.866227017	133745.48554244	6290.016638371	0	0	0	140035.502180810	1152.913424397	120852.725812450	0	0	0.0000000	940.211380322
2022-08-01	350	2305.980372938	100	0	50	940.211380322	0	0	0	0	0	3746.191753259	4595.273715359	0	300	0	0	0	0	4895.273715359	12154.284971612	22019.671024700	111632.928307309	0	145806.884303622	133484.96731335	6127.438961061	0	0	0	139612.406274412	1149.081962100	122101.921757553	0	0	0.0000000	940.211380322
2022-09-01	350	2315.588624492	100	0	50	940.211380322	0	0	0	0	0	3755.800004813	4601.017807503	0	300	0	0	0	0	4901.017807503	12128.963544588	21927.922395431	111429.266689955	0	145486.152629973	133223.49172942	5964.198922169	0	0	0	139187.690651594	1145.217802690	123351.123509412	0	0	0.0000000	940.211380322
2022-10-01	350	2325.236910427	100	0	50	940.211380322	0	0	0	0	0	3765.448290749	4606.769079763	0	300	0	0	0	0	4906.769079763	12103.694870537	21836.556052116	111227.414535607	0	145167.665458260	132961.05527257	5800.293823153	0	0	0	138761.349095718	1141.320789014	124600.298682589	0	0	0.0000000	940.211380322
2022-11-01	350	2334.925397554	100	0	50	940.211380322	0	0	0	0	0	3775.136777875	4612.527541112	0	300	0	0	0	0	4912.527541112	12078.478839556	21745.570401899	111027.367835860	0	144851.417077315	132697.65441175	5635.720954475	0	0	0	138333.375366221	1137.390763237	125849.414794379	0	0	0.0000000	940.211380322
2022-12-01	350	2344.654253377	100	0	50	940.211380322	0	0	0	0	0	3784.865633699	4618.293200539	0	300	0	0	0	0	4918.293200539	12053.315341974	21654.963858558	110829.122611988	0	144537.401812520	132433.28560297	5470.477595558	0	0	0	137903.763198527	1133.427566840	127098.439264118	0	0	0.0000000	940.211380322
2023-01-01	350	2354.423646099	100	0	50	940.211380322	0	0	0	0	0	3794.635026421	4624.066067040	0	300	0	0	0	0	4924.066067040	192028.204268345	21564.734842481	110632.674914867	0	324225.614025692	132167.94528921	5304.561014742	0	0	0	137472.506303949	1129.431040619	308347.339412486	180000	0	0.0000000	940.211380322
2023-02-01	350	2364.233744625	100	0	50	940.211380322	0	0	0	0	0	3804.445124946	4629.846149623	0	300	0	0	0	0	4929.846149623	191628.145509452	21474.881780637	110438.020824896	0	323541.048114985	132167.94528921	5137.968469239	0	0	0	137305.913758446	1125.401024677	308954.767071959	0	0	0.0000000	940.211380322
2023-03-01	350	2374.084718561	100	0	50	188.203983696	0	0	0	0	1500	4562.288702256	4635.633457310	0	300	0	0	0	0	4935.633457310	59060.974917100	21385.403106551	109977.862404792	0	190424.240428443	0.00000000	4970.697205083	0	0	0	4970.697205083	373.344755054	308546.520693835	0	0	132167.9452892	188.203983696
2023-04-01	350	2383.976738221	100	0	50	188.203983696	0	0	0	0	0	3072.180721917	4641.427999132	0	300	0	0	0	0	4941.427999132	58937.931219356	21296.297260274	109519.621311439	0	189753.849791069	0.00000000	4802.744457092	0	0	0	4802.744457092	1869.247277215	309913.330081666	0	0	0.0000000	188.203983696
2023-05-01	350	2393.909974631	100	0	50	188.203983696	0	0	0	0	0	3082.113958326	4647.229784131	0	300	0	0	0	0	4947.229784131	58815.143862649	21207.562688356	109063.289555974	0	189085.996106979	0.00000000	4634.107448816	0	0	0	4634.107448816	1865.115825805	311279.229231658	0	0	0.0000000	188.203983696
2023-06-01	350	2403.884599525	100	0	50	188.203983696	0	0	0	0	0	3092.088583220	4653.038821361	0	300	0	0	0	0	4953.038821361	58692.612312936	21119.197843821	108608.859182824	0	188420.669339581	0.00000000	4464.783392494	0	0	0	4464.783392494	1860.950238141	312644.176758722	0	0	0.0000000	188.203983696
2023-07-01	350	2413.900785356	800	0	50	188.203983696	0	0	0	0	0	3802.104769052	1400.000000000	0	300	0	0	0	0	1700.000000000	58570.336037284	21031.201186138	108156.322269563	0	187757.859492985	0.00000000	4294.769489006	0	0	0	4294.769489006	-2102.104769052	310049.276046562	0	0	0.0000000	188.203983696
2023-08-01	350	2423.958705295	800	0	50	188.203983696	0	0	0	0	0	3812.162688991	1400.000000000	0	300	0	0	0	0	1700.000000000	58448.314503873	20943.571181196	107705.670926773	0	187097.556611842	0.00000000	4124.062927831	0	0	0	4124.062927831	-2112.162688991	307447.517037603	0	0	0.0000000	188.203983696
2023-09-01	350	2434.058533234	800	0	50	188.203983696	0	0	0	0	0	3822.262516930	1400.000000000	0	300	0	0	0	0	1700.000000000	58326.547181990	20856.306301275	107256.897297911	0	186439.750781175	0.00000000	3952.660886995	0	0	0	3952.660886995	-2122.262516930	304838.850730843	0	0	0.0000000	188.203983696
2023-10-01	350	2444.200443789	800	0	50	188.203983696	0	0	0	0	0	3832.404427485	1400.000000000	0	300	0	0	0	0	1700.000000000	58205.033542027	20769.405025019	106809.993559170	0	185784.432126216	0.00000000	3780.560533028	0	0	0	3780.560533028	-2132.404427485	302223.228002366	0	0	0.0000000	188.203983696
2023-11-01	350	2454.384612305	800	0	50	188.203983696	0	0	0	0	0	3842.588596000	1400.000000000	0	300	0	0	0	0	1700.000000000	58083.773055481	20682.865837415	106364.951919340	0	185131.590812236	0.00000000	3607.759020916	0	0	0	3607.759020916	-2142.588596000	299600.599604498	0	0	0.0000000	188.203983696
2023-12-01	350	2464.611214856	800	0	50	188.203983696	0	0	0	0	0	3852.815198552	1400.000000000	0	300	0	0	0	0	1700.000000000	57962.765194949	20596.687229759	105921.764619676	0	184481.217044384	0.00000000	3434.253494053	0	0	0	3434.253494053	-2152.815198552	296970.916164957	0	0	0.0000000	188.203983696
2024-01-01	350	2474.880428251	800	0	50	188.203983696	0	0	0	0	0	3863.084411947	1400.000000000	0	300	0	0	0	0	1700.000000000	57842.009434126	20510.867699635	105480.423933761	0	183833.301067522	0.00000000	3260.041084197	0	0	0	3260.041084197	-2163.084411947	294334.128186005	0	0	0.0000000	188.203983696
2024-02-01	350	2485.192430036	800	0	50	188.203983696	0	0	0	0	0	3873.396413731	1400.000000000	0	300	0	0	0	0	1700.000000000	57721.505247805	20425.405750887	105040.922167370	0	183187.833166062	0.00000000	3085.118911418	0	0	0	3085.118911418	-2173.396413731	291690.186043592	0	0	0.0000000	188.203983696
2024-03-01	350	2495.547398494	800	0	50	188.203983696	0	0	0	0	0	3883.751382190	1400.000000000	0	300	0	0	0	0	1700.000000000	57601.252111872	20340.299893591	104603.251658339	0	182544.803663803	0.00000000	2909.484084055	0	0	0	2909.484084055	-2183.751382190	289039.039986506	0	0	0.0000000	188.203983696
2024-04-01	350	2505.945512655	800	0	50	188.203983696	0	0	0	0	0	3894.149496350	1400.000000000	0	300	0	0	0	0	1700.000000000	57481.249503306	20255.548644035	104167.404776430	0	181904.202923770	0.00000000	2733.133698664	0	0	0	2733.133698664	-2194.149496350	286380.640135514	0	0	0.0000000	188.203983696
2024-05-01	350	2516.386952291	800	0	50	188.203983696	0	0	0	0	0	3904.590935986	1400.000000000	0	300	0	0	0	0	1700.000000000	57361.496900174	20171.150524684	103733.373923195	0	181266.021348053	0.00000000	2556.064839974	0	0	0	2556.064839974	-2204.590935986	283714.936482500	0	0	0.0000000	188.203983696
2024-06-01	350	2526.871897925	800	0	50	188.203983696	0	0	0	0	0	3915.075881621	1400.000000000	0	300	0	0	0	0	1700.000000000	57241.993781632	20087.104064165	103301.151531848	0	180630.249377645	0.00000000	2378.274580836	0	0	0	2378.274580836	-2215.075881621	281041.878889610	0	0	0.0000000	188.203983696
2024-07-01	350	2537.400530833	800	0	50	188.203983696	0	0	0	0	0	3925.604514529	1400.000000000	0	300	0	0	0	0	1700.000000000	57122.739627920	20003.407797231	102870.730067132	0	179996.877492283	0.00000000	2199.759982174	0	0	0	2199.759982174	-2225.604514529	278361.417088381	0	0	0.0000000	188.203983696
2024-08-01	350	2547.973033045	800	0	50	188.203983696	0	0	0	0	0	3936.177016741	1400.000000000	0	300	0	0	0	0	1700.000000000	57003.733920362	19920.060264742	102442.102025185	0	179365.896210290	0.00000000	2020.518092940	0	0	0	2020.518092940	-2236.177016741	275673.500678881	0	0	0.0000000	188.203983696
2024-09-01	350	2558.589587349	800	0	50	188.203983696	0	0	0	0	0	3946.793571045	1400.000000000	0	300	0	0	0	0	1700.000000000	56884.976141361	19837.060013639	102015.259933414	0	178737.296088414	0.00000000	1840.545950062	0	0	0	1840.545950062	-2246.793571045	272978.079128839	0	0	0.0000000	188.203983696
2024-10-01	350	2569.250377297	800	0	50	188.203983696	0	0	0	0	0	3957.454360992	1400.000000000	0	300	0	0	0	0	1700.000000000	56766.465774400	19754.405596916	101590.196350358	0	178111.067721674	0.00000000	1659.840578397	0	0	0	1659.840578397	-2257.454360992	270275.101772771	0	0	0.0000000	188.203983696
2024-11-01	350	2579.955587202	800	0	50	188.203983696	0	0	0	0	0	3968.159570898	1400.000000000	0	300	0	0	0	0	1700.000000000	56648.202304037	19672.095573595	101166.903865565	0	177487.201743197	0.00000000	1478.398990679	0	0	0	1478.398990679	-2268.159570898	267564.517811115	0	0	0.0000000	188.203983696
2024-12-01	350	2590.705402149	100	0	50	188.203983696	0	0	0	0	0	3278.909385844	1400.000000000	0	400	0	0	0	0	1800.000000000	56530.185215903	19590.128508705	100745.375099458	0	176865.688824067	0.00000000	1296.218187473	0	0	0	1296.218187473	-1478.909385844	265646.276309346	0	0	0.0000000	188.203983696
2025-01-01	350	2601.500007991	100	0	50	188.203983696	0	0	0	0	0	3289.703991687	1400.000000000	0	400	0	0	0	0	1800.000000000	56412.413996703	19508.502973253	100325.602703211	0	176246.519673166	0.00000000	1113.295157124	0	0	0	1113.295157124	-1489.703991687	263720.326197108	0	0	0.0000000	188.203983696
2025-02-01	350	2612.339591358	100	0	50	188.203983696	0	0	0	0	0	3300.543575053	1400.000000000	0	400	0	0	0	0	1800.000000000	56294.888134210	19427.217544197	99907.579358614	0	175629.685037021	0.00000000	929.626875706	0	0	0	929.626875706	-1500.543575053	261786.616267328	0	0	0.0000000	188.203983696
2025-03-01	350	2623.224339655	100	0	50	188.203983696	0	0	0	0	0	3311.428323351	1400.000000000	0	400	0	0	0	0	1800.000000000	56177.607117264	19346.270804430	99491.297777953	0	175015.175699647	0.00000000	745.210306975	0	0	0	745.210306975	-1511.428323351	259845.095175334	0	0	0.0000000	188.203983696
2025-04-01	350	2634.154441070	100	0	50	188.203983696	0	0	0	0	0	3322.358424766	1400.000000000	0	400	0	0	0	0	1800.000000000	56060.570435770	19265.661342745	99076.750703878	0	174402.982482393	0.00000000	560.042402315	0	0	0	560.042402315	-1522.358424766	257895.711437974	0	0	0.0000000	188.203983696
2025-05-01	350	2645.130084575	100	0	50	188.203983696	0	0	0	0	0	3333.334068270	1400.000000000	0	400	0	0	0	0	1800.000000000	55943.777580695	19185.387753817	98663.930909279	0	173793.096243790	0.00000000	374.120100690	0	0	0	374.120100690	-1533.334068270	255938.413432726	0	0	0.0000000	188.203983696
2025-06-01	350	2656.151459927	100	0	50	188.203983696	0	0	0	0	0	3344.355443623	1400.000000000	0	400	0	0	0	0	1800.000000000	55827.228044069	19105.448638176	98252.831197157	0	173185.507879401	0.00000000	187.440328595	0	0	0	187.440328595	-1544.355443623	253973.149396809	0	0	0.0000000	188.203983696
2025-07-01	350	2667.218757677	100	0	50	188.203983696	0	0	0	0	0	3355.422741372	1400.000000000	0	400	0	0	0	0	1800.000000000	55710.921318977	19025.842602183	97843.444400502	0	172580.208321662	0.00000000	0.000000000	0	0	0	0.000000000	-1555.422741372	251999.867426293	0	0	0.0000000	188.203983696
2025-08-01	350	2678.332169167	100	0	50	0.000000000	0	0	0	0	0	3178.332169167	1400.000000000	0	400	0	0	0	0	1800.000000000	55594.856899562	18946.568258008	97435.763382166	0	171977.188539736	0.00000000	0.000000000	0	0	0	0.000000000	-1378.332169167	250018.515475200	0	0	0.0000000	0.000000000
2025-09-01	350	2689.491886539	100	0	50	0.000000000	0	0	0	0	0	3189.491886539	1400.000000000	0	400	0	0	0	0	1800.000000000	55479.034281022	18867.624223599	97029.781034741	0	171376.439539362	0.00000000	0.000000000	0	0	0	0.000000000	-1389.491886539	248028.274588286	0	0	0.0000000	0.000000000
2025-10-01	350	2700.698102733	100	0	50	0.000000000	0	0	0	0	0	3200.698102733	1400.000000000	0	400	0	0	0	0	1800.000000000	55363.452959603	18789.009122667	96625.490280429	0	170777.952362700	0.00000000	0.000000000	0	0	0	0.000000000	-1400.698102733	246029.089308892	0	0	0.0000000	0.000000000
2025-11-01	350	2711.951011494	100	0	50	0.000000000	0	0	0	0	0	3211.951011494	1400.000000000	0	400	0	0	0	0	1800.000000000	55248.112432604	18710.721584656	96222.884070928	0	170181.718088188	0.00000000	0.000000000	0	0	0	0.000000000	-1411.951011494	244020.904022886	0	0	0.0000000	0.000000000
2025-12-01	350	2723.250807375	100	0	50	0.000000000	0	0	0	0	0	3223.250807375	1400.000000000	0	400	0	0	0	0	1800.000000000	55133.012198369	18632.760244720	95821.955387299	0	169587.727830388	0.00000000	0.000000000	0	0	0	0.000000000	-1423.250807375	242003.662957711	0	0	0.0000000	0.000000000
2026-01-01	350	2734.597685739	100	0	50	0.000000000	0	0	0	0	0	3234.597685739	1400.000000000	0	400	0	0	0	0	1800.000000000	55018.151756289	18555.123743701	95422.697239852	0	168995.972739841	0.00000000	0.000000000	0	0	0	0.000000000	-1434.597685739	239977.310181425	0	0	0.0000000	0.000000000
2026-02-01	350	2745.991842763	100	0	50	0.000000000	0	0	0	0	0	3245.991842763	1400.000000000	0	400	0	0	0	0	1800.000000000	54903.530606797	18477.810728102	95025.102668019	0	168406.444002918	0.00000000	0.000000000	0	0	0	0.000000000	-1445.991842763	237941.789601738	0	0	0.0000000	0.000000000
2026-03-01	350	2757.433475441	100	0	50	0.000000000	0	0	0	0	0	3257.433475441	1400.000000000	0	400	0	0	0	0	1800.000000000	54789.148251366	18400.819850068	94629.164740235	0	167819.132841670	0.00000000	0.000000000	0	0	0	0.000000000	-1457.433475441	235897.044965049	0	0	0.0000000	0.000000000
2026-04-01	350	2768.922781589	100	0	50	0.000000000	0	0	0	0	0	3268.922781589	1400.000000000	0	400	0	0	0	0	1800.000000000	54675.004192509	18324.149767360	94234.876553818	0	167234.030513686	0.00000000	0.000000000	0	0	0	0.000000000	-1468.922781589	233843.019855476	0	0	0.0000000	0.000000000
2026-05-01	350	2780.459959846	100	0	50	0.000000000	0	0	0	0	0	3280.459959846	1400.000000000	0	400	0	0	0	0	1800.000000000	54561.097933775	18247.799143329	93842.231234844	0	166651.128311947	0.00000000	0.000000000	0	0	0	0.000000000	-1480.459959846	231779.657693891	0	0	0.0000000	0.000000000
2026-06-01	350	2792.045209678	100	0	50	0.000000000	0	0	0	0	0	3292.045209678	1400.000000000	0	400	0	0	0	0	1800.000000000	54447.428979746	18171.766646898	93451.221938032	0	166070.417564676	0.00000000	0.000000000	0	0	0	0.000000000	-1492.045209678	229706.901736942	0	0	0.0000000	0.000000000
2026-07-01	350	2803.678731385	100	0	50	0.000000000	0	0	0	0	0	3303.678731385	1400.000000000	0	400	0	0	0	0	1800.000000000	54333.996836038	18096.050952536	93061.841846623	0	165491.889635198	0.00000000	0.000000000	0	0	0	0.000000000	-1503.678731385	227624.695076078	0	0	0.0000000	0.000000000
2026-08-01	350	2815.360726099	100	0	50	0.000000000	0	0	0	0	0	3315.360726099	1400.000000000	0	400	0	0	0	0	1800.000000000	54220.801009296	18020.650740234	92674.084172262	0	164915.535921793	0.00000000	0.000000000	0	0	0	0.000000000	-1515.360726099	225532.980636574	0	0	0.0000000	0.000000000
2026-09-01	350	2827.091395792	100	0	50	0.000000000	0	0	0	0	0	3327.091395792	1400.000000000	0	400	0	0	0	0	1800.000000000	54107.841007194	17945.564695483	92287.942154878	0	164341.347857555	0.00000000	0.000000000	0	0	0	0.000000000	-1527.091395792	223431.701176544	0	0	0.0000000	0.000000000
2026-10-01	350	2838.870943274	100	0	50	0.000000000	0	0	0	0	0	3338.870943274	1400.000000000	0	400	0	0	0	0	1800.000000000	53995.116338429	17870.791509252	91903.409062566	0	163769.316910246	0.00000000	0.000000000	0	0	0	0.000000000	-1538.870943274	221320.799285962	0	0	0.0000000	0.000000000
2026-11-01	350	2850.699572204	100	0	50	0.000000000	0	0	0	0	0	3350.699572204	1400.000000000	0	400	0	0	0	0	1800.000000000	53882.626512724	17796.329877963	91520.478191472	0	163199.434582159	0.00000000	0.000000000	0	0	0	0.000000000	-1550.699572204	219200.217385670	0	0	0.0000000	0.000000000
2026-12-01	350	2862.577487088	100	0	50	0.000000000	0	0	0	0	0	3362.577487088	1400.000000000	0	400	0	0	0	0	1800.000000000	53770.371040822	17722.178503472	91139.142865674	0	162631.692409968	0.00000000	0.000000000	0	0	0	0.000000000	-1562.577487088	217069.897726391	0	0	0.0000000	0.000000000
2027-01-01	350	2874.504893285	100	0	50	0.000000000	0	0	0	0	0	3374.504893285	1400.000000000	0	400	0	0	0	0	1800.000000000	53658.349434487	17648.336093041	90759.396437067	0	162066.081964595	0.00000000	0.000000000	0	0	0	0.000000000	-1574.504893285	214929.782387733	0	0	0.0000000	0.000000000
2027-02-01	350	2886.481997007	100	0	50	0.000000000	0	0	0	0	0	3386.481997007	1400.000000000	0	400	0	0	0	0	1800.000000000	53546.561206499	17574.801359320	90381.232285246	0	161502.594851064	0.00000000	0.000000000	0	0	0	0.000000000	-1586.481997007	212779.813277196	0	0	0.0000000	0.000000000
2027-03-01	350	2898.509005328	100	0	50	0.000000000	0	0	0	0	0	3398.509005328	1400.000000000	0	400	0	0	0	0	1800.000000000	53435.005870652	17501.573020322	90004.643817391	0	160941.222708365	0.00000000	0.000000000	0	0	0	0.000000000	-1598.509005328	210619.932129169	0	0	0.0000000	0.000000000
2027-04-01	350	2910.586126183	100	0	50	0.000000000	0	0	0	0	0	3410.586126183	1400.000000000	0	400	0	0	0	0	1800.000000000	53323.682941755	17428.649799404	89629.624468152	0	160381.957209311	0.00000000	0.000000000	0	0	0	0.000000000	-1610.586126183	208450.080503932	0	0	0.0000000	0.000000000
2027-05-01	350	2922.713568376	100	0	50	0.000000000	0	0	0	0	0	3422.713568376	1400.000000000	0	400	0	0	0	0	1800.000000000	53212.591935626	17356.030425240	89256.167699534	0	159824.790060401	0.00000000	0.000000000	0	0	0	0.000000000	-1622.713568376	206270.199786646	0	0	0.0000000	0.000000000
2027-06-01	350	2934.891541577	100	0	50	0.000000000	0	0	0	0	0	3434.891541577	1400.000000000	0	400	0	0	0	0	1800.000000000	53101.732369093	17283.713631802	88884.267000786	0	159269.713001681	0.00000000	0.000000000	0	0	0	0.000000000	-1634.891541577	204080.231186350	0	0	0.0000000	0.000000000
2027-07-01	350	2947.120256334	100	0	50	0.000000000	0	0	0	0	0	3447.120256334	1400.000000000	0	400	0	0	0	0	1800.000000000	52991.103759991	17211.698158336	88513.915888283	0	158716.717806610	0.00000000	0.000000000	0	0	0	0.000000000	-1647.120256334	201880.115734945	0	0	0.0000000	0.000000000
2027-08-01	350	2959.399924068	100	0	50	0.000000000	0	0	0	0	0	3459.399924068	1400.000000000	0	400	0	0	0	0	1800.000000000	52880.705627158	17139.982749343	88145.107905415	0	158165.796281916	0.00000000	0.000000000	0	0	0	0.000000000	-1659.399924068	199669.794286182	0	0	0.0000000	0.000000000
2027-09-01	350	2971.730757085	100	0	50	0.000000000	0	0	0	0	0	3471.730757085	1400.000000000	0	400	0	0	0	0	1800.000000000	52770.537490434	17068.566154554	87777.836622476	0	157616.940267464	0.00000000	0.000000000	0	0	0	0.000000000	-1671.730757085	197449.207514645	0	0	0.0000000	0.000000000
2027-10-01	350	2984.112968573	100	0	50	0.000000000	0	0	0	0	0	3484.112968573	1400.000000000	0	400	0	0	0	0	1800.000000000	52660.598870663	16997.447128910	87412.095636549	0	157070.141636122	0.00000000	0.000000000	0	0	0	0.000000000	-1684.112968573	195218.295914729	0	0	0.0000000	0.000000000
2027-11-01	350	2996.546772609	100	0	50	0.000000000	0	0	0	0	0	3496.546772609	1400.000000000	0	400	0	0	0	0	1800.000000000	52550.889289682	16926.624432540	87047.878571397	0	156525.392293618	0.00000000	0.000000000	0	0	0	0.000000000	-1696.546772609	192976.999799617	0	0	0.0000000	0.000000000
2027-12-01	350	3009.032384161	100	0	50	0.000000000	0	0	0	0	0	3509.032384161	1400.000000000	0	400	0	0	0	0	1800.000000000	52441.408270329	16856.096830737	86685.179077349	0	155982.684178415	0.00000000	0.000000000	0	0	0	0.000000000	-1709.032384161	190725.259300253	0	0	0.0000000	0.000000000
2028-01-01	350	3021.570019095	100	0	50	0.000000000	0	0	0	0	0	3521.570019095	1400.000000000	0	400	0	0	0	0	1800.000000000	52332.155336432	16785.863093943	86323.990831194	0	155442.009261568	0.00000000	0.000000000	0	0	0	0.000000000	-1721.570019095	188463.014364310	0	0	0.0000000	0.000000000
2028-02-01	350	3034.159894175	100	0	50	0.000000000	0	0	0	0	0	3534.159894175	1400.000000000	0	400	0	0	0	0	1800.000000000	52223.130012815	16715.921997718	85964.307536064	0	154903.359546596	0.00000000	0.000000000	0	0	0	0.000000000	-1734.159894175	186190.204755163	0	0	0.0000000	0.000000000
2028-03-01	350	3046.802227067	100	0	50	0.000000000	0	0	0	0	0	3546.802227067	1400.000000000	0	400	0	0	0	0	1800.000000000	52114.331825288	16646.272322727	85606.122921330	0	154366.727069345	0.00000000	0.000000000	0	0	0	0.000000000	-1746.802227067	183906.770050845	0	0	0.0000000	0.000000000
2028-04-01	350	3059.497236347	100	0	50	0.000000000	0	0	0	0	0	3559.497236347	1400.000000000	0	400	0	0	0	0	1800.000000000	52005.760300652	16576.912854716	85249.430742491	0	153832.103897859	0.00000000	0.000000000	0	0	0	0.000000000	-1759.497236347	181612.649643012	0	0	0.0000000	0.000000000
2028-05-01	350	3072.245141498	100	0	50	0.000000000	0	0	0	0	0	3572.245141498	1400.000000000	0	400	0	0	0	0	1800.000000000	51897.414966692	16507.842384488	84894.224781064	0	153299.482132244	0.00000000	0.000000000	0	0	0	0.000000000	-1772.245141498	179307.782735899	0	0	0.0000000	0.000000000
2028-06-01	350	3085.046162921	100	0	50	0.000000000	0	0	0	0	0	3585.046162921	1400.000000000	0	400	0	0	0	0	1800.000000000	51789.295352178	16439.059707886	84540.498844476	0	152768.853904540	0.00000000	0.000000000	0	0	0	0.000000000	-1785.046162921	176992.108345274	0	0	0.0000000	0.000000000
2028-07-01	350	3097.900521933	100	0	50	0.000000000	0	0	0	0	0	3597.900521933	1400.000000000	0	400	0	0	0	0	1800.000000000	51681.400986861	16370.563625770	84188.246765958	0	152240.211378589	0.00000000	0.000000000	0	0	0	0.000000000	-1797.900521933	174665.565297388	0	0	0.0000000	0.000000000
2028-08-01	350	3110.808440775	100	0	50	0.000000000	0	0	0	0	0	3610.808440775	1400.000000000	0	400	0	0	0	0	1800.000000000	51573.731401472	16302.352943996	83837.462404433	0	151713.546749900	0.00000000	0.000000000	0	0	0	0.000000000	-1810.808440775	172328.092227925	0	0	0.0000000	0.000000000
2028-09-01	350	3123.770142611	100	0	50	0.000000000	0	0	0	0	0	3623.770142611	1400.000000000	0	400	0	0	0	0	1800.000000000	51466.286127719	16234.426473396	83488.139644414	0	151188.852245529	0.00000000	0.000000000	0	0	0	0.000000000	-1823.770142611	169979.627580943	0	0	0.0000000	0.000000000
2028-10-01	350	3136.785851539	100	0	50	0.000000000	0	0	0	0	0	3636.785851539	1400.000000000	0	400	0	0	0	0	1800.000000000	51359.064698286	16166.783029757	83140.272395896	0	150666.120123939	0.00000000	0.000000000	0	0	0	0.000000000	-1836.785851539	167620.109607813	0	0	0.0000000	0.000000000
2028-11-01	350	3149.855792587	100	0	50	0.000000000	0	0	0	0	0	3649.855792587	1400.000000000	0	400	0	0	0	0	1800.000000000	51252.066646831	16099.421433799	82793.854594246	0	150145.342674877	0.00000000	0.000000000	0	0	0	0.000000000	-1849.855792587	165249.476366165	0	0	0.0000000	0.000000000
2028-12-01	350	3162.980191723	100	0	50	0.000000000	0	0	0	0	0	3662.980191723	1400.000000000	0	400	0	0	0	0	1800.000000000	51145.291507984	16032.340511158	82448.880200104	0	149626.512219246	0.00000000	0.000000000	0	0	0	0.000000000	-1862.980191723	162867.665718811	0	0	0.0000000	0.000000000
2029-01-01	350	3176.159275855	100	0	50	0.000000000	0	0	0	0	0	3676.159275855	1400.000000000	0	400	0	0	0	0	1800.000000000	51038.738817342	15965.539092362	82105.343199270	0	149109.621108974	0.00000000	0.000000000	0	0	0	0.000000000	-1876.159275855	160474.615332684	0	0	0.0000000	0.000000000
2029-02-01	350	3189.393272838	100	0	50	0.000000000	0	0	0	0	0	3689.393272838	1400.000000000	0	400	0	0	0	0	1800.000000000	50932.408111473	15899.016012810	81763.237602606	0	148594.661726889	0.00000000	0.000000000	0	0	0	0.000000000	-1889.393272838	158070.262677762	0	0	0.0000000	0.000000000
2029-03-01	350	3202.682411474	100	0	50	0.000000000	0	0	0	0	0	3702.682411474	1400.000000000	0	400	0	0	0	0	1800.000000000	50826.298927907	15832.770112757	81422.557445929	0	148081.626486593	0.00000000	0.000000000	0	0	0	0.000000000	-1902.682411474	155654.545025991	0	0	0.0000000	0.000000000
2029-04-01	350	3216.026921522	100	0	50	0.000000000	0	0	0	0	0	3716.026921522	1400.000000000	0	400	0	0	0	0	1800.000000000	50720.410805141	15766.800237287	81083.296789904	0	147570.507832332	0.00000000	0.000000000	0	0	0	0.000000000	-1916.026921522	153227.399450208	0	0	0.0000000	0.000000000
2029-05-01	350	3229.427033695	100	0	50	0.000000000	0	0	0	0	0	3729.427033695	1400.000000000	0	400	0	0	0	0	1800.000000000	50614.743282630	15701.105236299	80745.449719946	0	147061.298238875	0.00000000	0.000000000	0	0	0	0.000000000	-1929.427033695	150788.762823055	0	0	0.0000000	0.000000000
2029-06-01	350	3242.882979669	100	0	50	0.000000000	0	0	0	0	0	3742.882979669	1400.000000000	0	400	0	0	0	0	1800.000000000	50509.295900791	15635.683964481	80409.010346113	0	146553.990211385	0.00000000	0.000000000	0	0	0	0.000000000	-1942.882979669	148338.571815896	0	0	0.0000000	0.000000000
2029-07-01	350	3256.394992084	100	0	50	0.000000000	0	0	0	0	0	3756.394992084	1400.000000000	0	400	0	0	0	0	1800.000000000	50404.068200998	15570.535281295	80073.972803004	0	146048.576285297	0.00000000	0.000000000	0	0	0	0.000000000	-1956.394992084	145876.762897725	0	0	0.0000000	0.000000000
2029-08-01	350	3269.963304551	100	0	50	0.000000000	0	0	0	0	0	3769.963304551	1400.000000000	0	400	0	0	0	0	1800.000000000	50299.059725579	15505.658050957	79740.331249658	0	145545.049026194	0.00000000	0.000000000	0	0	0	0.000000000	-1969.963304551	143403.272334070	0	0	0.0000000	0.000000000
2029-09-01	350	3283.588151654	100	0	50	0.000000000	0	0	0	0	0	3783.588151654	1400.000000000	0	400	0	0	0	0	1800.000000000	50194.270017817	15441.051142411	79408.079869452	0	145043.401029680	0.00000000	0.000000000	0	0	0	0.000000000	-1983.588151654	140918.036185902	0	0	0.0000000	0.000000000
2029-10-01	350	3297.269768952	100	0	50	0.000000000	0	0	0	0	0	3797.269768952	1400.000000000	0	400	0	0	0	0	1800.000000000	50089.698621947	15376.713429317	79077.212869995	0	144543.624921260	0.00000000	0.000000000	0	0	0	0.000000000	-1997.269768952	138420.990308530	0	0	0.0000000	0.000000000
2029-11-01	350	3311.008392989	100	0	50	0.000000000	0	0	0	0	0	3811.008392989	1400.000000000	0	400	0	0	0	0	1800.000000000	49985.345083151	15312.643790029	78747.724483037	0	144045.713356217	0.00000000	0.000000000	0	0	0	0.000000000	-2011.008392989	135912.070350498	0	0	0.0000000	0.000000000
2029-12-01	350	3324.804261294	100	0	50	0.000000000	0	0	0	0	0	3824.804261294	1400.000000000	0	400	0	0	0	0	1800.000000000	49881.208947561	15248.841107570	78419.608964358	0	143549.659019489	0.00000000	0.000000000	0	0	0	0.000000000	-2024.804261294	133391.211752476	0	0	0.0000000	0.000000000
2030-01-01	350	3338.657612382	100	0	50	0.000000000	0	0	0	0	0	3838.657612382	1400.000000000	0	400	0	0	0	0	1800.000000000	49777.289762254	15185.304269622	78092.860593673	0	143055.454625549	0.00000000	0.000000000	0	0	0	0.000000000	-2038.657612382	130858.349746154	0	0	0.0000000	0.000000000
2030-02-01	350	3352.568685767	100	0	50	0.000000000	0	0	0	0	0	3852.568685767	1400.000000000	0	400	0	0	0	0	1800.000000000	49673.587075249	15122.032168499	77767.473674533	0	142563.092918281	0.00000000	0.000000000	0	0	0	0.000000000	-2052.568685767	128313.419353118	0	0	0.0000000	0.000000000
2030-03-01	350	3366.537721958	100	0	50	0.000000000	0	0	0	0	0	3866.537721958	1400.000000000	0	400	0	0	0	0	1800.000000000	49570.100435509	15059.023701130	77443.442534222	0	142072.566670861	0.00000000	0.000000000	0	0	0	0.000000000	-2066.537721958	125756.355383741	0	0	0.0000000	0.000000000
2030-04-01	350	3380.564962466	100	0	50	0.000000000	0	0	0	0	0	3880.564962466	1400.000000000	0	400	0	0	0	0	1800.000000000	49466.829392935	14996.277769042	77120.761523663	0	141583.868685640	0.00000000	0.000000000	0	0	0	0.000000000	-2080.564962466	123187.092436053	0	0	0.0000000	0.000000000
2030-05-01	350	3394.650649810	100	0	50	0.000000000	0	0	0	0	0	3894.650649810	1400.000000000	0	400	0	0	0	0	1800.000000000	49363.773498367	14933.793278337	76799.425017314	0	141096.991794018	0.00000000	0.000000000	0	0	0	0.000000000	-2094.650649810	120605.564894622	0	0	0.0000000	0.000000000
2030-06-01	350	3408.795027517	100	0	50	0.000000000	0	0	0	0	0	3908.795027517	1400.000000000	0	400	0	0	0	0	1800.000000000	49260.932303578	14871.569139678	76479.427413075	0	140611.928856331	0.00000000	0.000000000	0	0	0	0.000000000	-2108.795027517	118011.706929418	0	0	0.0000000	0.000000000
2030-07-01	350	3422.998340132	100	0	50	0.000000000	0	0	0	0	0	3922.998340132	1400.000000000	0	400	0	0	0	0	1800.000000000	49158.305361279	14809.604268262	76160.763132188	0	140128.672761729	0.00000000	0.000000000	0	0	0	0.000000000	-2122.998340132	115405.452494684	0	0	0.0000000	0.000000000
2030-08-01	350	3437.260833216	100	0	50	0.000000000	0	0	0	0	0	3937.260833216	1400.000000000	0	400	0	0	0	0	1800.000000000	49055.892225110	14747.897583811	75843.426619137	0	139647.216428058	0.00000000	0.000000000	0	0	0	0.000000000	-2137.260833216	112786.735327797	0	0	0.0000000	0.000000000
2030-09-01	350	3451.582753354	100	0	50	0.000000000	0	0	0	0	0	3951.582753354	1400.000000000	0	400	0	0	0	0	1800.000000000	48953.692449641	14686.448010545	75527.412341557	0	139167.552801743	0.00000000	0.000000000	0	0	0	0.000000000	-2151.582753354	110155.488948128	0	0	0.0000000	0.000000000
2030-10-01	350	3465.964348160	100	0	50	0.000000000	0	0	0	0	0	3965.964348160	1400.000000000	0	400	0	0	0	0	1800.000000000	48851.705590371	14625.254477168	75212.714790134	0	138689.674857673	0.00000000	0.000000000	0	0	0	0.000000000	-2165.964348160	107511.646655898	0	0	0.0000000	0.000000000
2030-11-01	350	3480.405866277	100	0	50	0.000000000	0	0	0	0	0	3980.405866277	1400.000000000	0	400	0	0	0	0	1800.000000000	48749.931203724	14564.315916847	74899.328478508	0	138213.575599079	0.00000000	0.000000000	0	0	0	0.000000000	-2180.405866277	104855.141531027	0	0	0.0000000	0.000000000
2030-12-01	350	3494.907557387	100	0	50	0.000000000	0	0	0	0	0	3994.907557387	1400.000000000	0	400	0	0	0	0	1800.000000000	48648.368847050	14503.631267193	74587.247943181	0	137739.248057424	0.00000000	0.000000000	0	0	0	0.000000000	-2194.907557387	102185.906431985	0	0	0.0000000	0.000000000
2031-01-01	350	3509.469672209	100	0	50	0.000000000	0	0	0	0	0	4009.469672209	1400.000000000	0	400	0	0	0	0	1800.000000000	48547.018078618	14443.199470246	74276.467743418	0	137266.685292283	0.00000000	0.000000000	0	0	0	0.000000000	-2209.469672209	99503.873994635	0	0	0.0000000	0.000000000
2031-02-01	350	3524.092462510	100	0	50	0.000000000	0	0	0	0	0	4024.092462510	1400.000000000	0	400	0	0	0	0	1800.000000000	48445.878457621	14383.019472454	73966.982461154	0	136795.880391229	0.00000000	0.000000000	0	0	0	0.000000000	-2224.092462510	96808.976631071	0	0	0.0000000	0.000000000
2031-03-01	350	3538.776181104	100	0	50	0.000000000	0	0	0	0	0	4038.776181104	1400.000000000	0	400	0	0	0	0	1800.000000000	48344.949544168	14323.090224652	73658.786700899	0	136326.826469719	0.00000000	0.000000000	0	0	0	0.000000000	-2238.776181104	94101.146528457	0	0	0.0000000	0.000000000
2031-04-01	350	3553.521081858	100	0	50	0.000000000	0	0	0	0	0	4053.521081858	1400.000000000	0	400	0	0	0	0	1800.000000000	48244.230899284	14263.410682049	73351.875089645	0	135859.516670979	0.00000000	0.000000000	0	0	0	0.000000000	-2253.521081858	91380.315647858	0	0	0.0000000	0.000000000
2031-05-01	350	3568.327419699	100	0	50	0.000000000	0	0	0	0	0	4068.327419699	1400.000000000	0	400	0	0	0	0	1800.000000000	48143.722084911	14203.979804207	73046.242276772	0	135393.944165890	0.00000000	0.000000000	0	0	0	0.000000000	-2268.327419699	88646.415723070	0	0	0.0000000	0.000000000
2031-06-01	350	3583.195450615	100	0	50	0.000000000	0	0	0	0	0	4083.195450615	1400.000000000	0	400	0	0	0	0	1800.000000000	48043.422663900	14144.796555023	72741.882933952	0	134930.102152875	0.00000000	0.000000000	0	0	0	0.000000000	-2283.195450615	85899.378259441	0	0	0.0000000	0.000000000
2031-07-01	350	3598.125431659	100	0	50	0.000000000	0	0	0	0	0	4098.125431659	1400.000000000	0	400	0	0	0	0	1800.000000000	47943.332200017	14085.859902710	72438.791755060	0	134467.983857788	0.00000000	0.000000000	0	0	0	0.000000000	-2298.125431659	83139.134532694	0	0	0.0000000	0.000000000
2031-08-01	350	3613.117620958	100	0	50	0.000000000	0	0	0	0	0	4113.117620958	1400.000000000	0	400	0	0	0	0	1800.000000000	47843.450257934	14027.168819783	72136.963456081	0	134007.582533797	0.00000000	0.000000000	0	0	0	0.000000000	-2313.117620958	80365.615587746	0	0	0.0000000	0.000000000
2031-09-01	350	3628.172277712	100	0	50	0.000000000	0	0	0	0	0	4128.172277712	1400.000000000	0	400	0	0	0	0	1800.000000000	47743.776403230	13968.722283033	71836.392775014	0	133548.891461277	0.00000000	0.000000000	0	0	0	0.000000000	-2328.172277712	77578.752237514	0	0	0.0000000	0.000000000
2031-10-01	350	3643.289662202	100	0	50	0.000000000	0	0	0	0	0	4143.289662202	1400.000000000	0	400	0	0	0	0	1800.000000000	47644.310202390	13910.519273521	71537.074471785	0	133091.903947695	0.00000000	0.000000000	0	0	0	0.000000000	-2343.289662202	74778.475061730	0	0	0.0000000	0.000000000
2031-11-01	350	3658.470035795	100	0	50	0.000000000	0	0	0	0	0	4158.470035795	1400.000000000	0	400	0	0	0	0	1800.000000000	47545.051222802	13852.558776548	71239.003328152	0	132636.613327502	0.00000000	0.000000000	0	0	0	0.000000000	-2358.470035795	71964.714405742	0	0	0.0000000	0.000000000
2031-12-01	350	3673.713660944	100	0	50	0.000000000	0	0	0	0	0	4173.713660944	1400.000000000	0	400	0	0	0	0	1800.000000000	47445.999032754	13794.839781646	70942.174147618	0	132183.012962018	0.00000000	0.000000000	0	0	0	0.000000000	-2373.713660944	69137.400379314	0	0	0.0000000	0.000000000
2032-01-01	350	3689.020801198	100	0	50	0.000000000	0	0	0	0	0	4189.020801198	1400.000000000	0	400	0	0	0	0	1800.000000000	47347.153201436	13737.361282555	70646.581755337	0	131731.096239328	0.00000000	0.000000000	0	0	0	0.000000000	-2389.020801198	66296.462855426	0	0	0.0000000	0.000000000
2032-02-01	350	3704.391721203	100	0	50	0.000000000	0	0	0	0	0	4204.391721203	1400.000000000	0	400	0	0	0	0	1800.000000000	47248.513298933	13680.122277211	70352.220998023	0	131280.856574167	0.00000000	0.000000000	0	0	0	0.000000000	-2404.391721203	63441.831469063	0	0	0.0000000	0.000000000
2032-03-01	350	3719.826686708	100	0	50	0.000000000	0	0	0	0	0	4219.826686708	1400.000000000	0	400	0	0	0	0	1800.000000000	47150.078896227	13623.121767723	70059.086743864	0	130832.287407814	0.00000000	0.000000000	0	0	0	0.000000000	-2419.826686708	60573.435616002	0	0	0.0000000	0.000000000
2032-04-01	350	3735.325964569	100	0	50	0.000000000	0	0	0	0	0	4235.325964569	1400.000000000	0	400	0	0	0	0	1800.000000000	47051.849565193	13566.358760357	69767.173882432	0	130385.382207982	0.00000000	0.000000000	0	0	0	0.000000000	-2435.325964569	57691.204451601	0	0	0.0000000	0.000000000
2032-05-01	350	3750.889822755	100	0	50	0.000000000	0	0	0	0	0	4250.889822755	1400.000000000	0	400	0	0	0	0	1800.000000000	46953.824878599	13509.832265523	69476.477324588	0	129940.134468709	0.00000000	0.000000000	0	0	0	0.000000000	-2450.889822755	54795.066889574	0	0	0.0000000	0.000000000
2032-06-01	350	3766.518530350	100	0	50	0.000000000	0	0	0	0	0	4266.518530350	1400.000000000	0	400	0	0	0	0	1800.000000000	46856.004410102	13453.541297750	69186.992002402	0	129496.537710254	0.00000000	0.000000000	0	0	0	0.000000000	-2466.518530350	51884.951600769	0	0	0.0000000	0.000000000
2032-07-01	350	3782.212357559	100	0	50	0.000000000	0	0	0	0	0	4282.212357559	1400.000000000	0	400	0	0	0	0	1800.000000000	46758.387734247	13397.484875676	68898.712869059	0	129054.585478982	0.00000000	0.000000000	0	0	0	0.000000000	-2482.212357559	48960.787011938	0	0	0.0000000	0.000000000
2032-08-01	350	3797.971575716	100	0	50	0.000000000	0	0	0	0	0	4297.971575716	1400.000000000	0	400	0	0	0	0	1800.000000000	46660.974426468	13341.662022027	68611.634898771	0	128614.271347266	0.00000000	0.000000000	0	0	0	0.000000000	-2497.971575716	46022.501304506	0	0	0.0000000	0.000000000
2032-09-01	350	3813.796457281	100	0	50	0.000000000	0	0	0	0	0	4313.796457281	1400.000000000	0	400	0	0	0	0	1800.000000000	46563.764063079	13286.071763602	68325.753086693	0	128175.588913374	0.00000000	0.000000000	0	0	0	0.000000000	-2513.796457281	43070.022413333	0	0	0.0000000	0.000000000
2032-10-01	350	3829.687275853	100	0	50	0.000000000	0	0	0	0	0	4329.687275853	1400.000000000	0	400	0	0	0	0	1800.000000000	46466.756221281	13230.713131254	68041.062448832	0	127738.531801366	0.00000000	0.000000000	0	0	0	0.000000000	-2529.687275853	40103.278025472	0	0	0.0000000	0.000000000
2032-11-01	350	3845.644306169	100	0	50	0.000000000	0	0	0	0	0	4345.644306169	1400.000000000	0	400	0	0	0	0	1800.000000000	46369.950479153	13175.585159873	67757.558021962	0	127303.093660988	0.00000000	0.000000000	0	0	0	0.000000000	-2545.644306169	37122.195578924	0	0	0.0000000	0.000000000
2032-12-01	350	3861.667824112	100	0	50	0.000000000	0	0	0	0	0	4361.667824112	1400.000000000	0	400	0	0	0	0	1800.000000000	46273.346415655	13120.686888374	67475.234863537	0	126869.268167566	0.00000000	0.000000000	0	0	0	0.000000000	-2561.667824112	34126.702261390	0	0	0.0000000	0.000000000
2033-01-01	350	3877.758106712	100	0	50	0.000000000	0	0	0	0	0	4377.758106712	1400.000000000	0	400	0	0	0	0	1800.000000000	46176.943610623	13066.017359672	67194.088051605	0	126437.049021900	0.00000000	0.000000000	0	0	0	0.000000000	-2577.758106712	31116.725009012	0	0	0.0000000	0.000000000
2033-02-01	350	3893.915432157	100	0	50	0.000000000	0	0	0	0	0	4393.915432157	1400.000000000	0	400	0	0	0	0	1800.000000000	46080.741644767	13011.575620674	66914.112684724	0	126006.429950164	0.00000000	0.000000000	0	0	0	0.000000000	-2593.915432157	28092.190505120	0	0	0.0000000	0.000000000
2033-03-01	350	3910.140079791	100	0	50	0.000000000	0	0	0	0	0	4410.140079791	1400.000000000	0	400	0	0	0	0	1800.000000000	45984.740099674	12957.360722254	66635.303881871	0	125577.404703799	0.00000000	0.000000000	0	0	0	0.000000000	-2610.140079791	25053.025178963	0	0	0.0000000	0.000000000
2033-04-01	350	3926.432330123	100	0	50	0.000000000	0	0	0	0	0	4426.432330123	1400.000000000	0	400	0	0	0	0	1800.000000000	45888.938557799	12903.371719245	66357.656782363	0	125149.967059407	0.00000000	0.000000000	0	0	0	0.000000000	-2626.432330123	21999.155204449	0	0	0.0000000	0.000000000
2033-05-01	350	3942.792464832	100	0	50	0.000000000	0	0	0	0	0	4442.792464832	1400.000000000	0	400	0	0	0	0	1800.000000000	45793.336602471	12849.607670415	66081.166545770	0	124724.110818655	0.00000000	0.000000000	0	0	0	0.000000000	-2642.792464832	18930.506498864	0	0	0.0000000	0.000000000
2033-06-01	350	3959.220766769	100	0	50	0.000000000	0	0	0	0	0	4459.220766769	1400.000000000	0	400	0	0	0	0	1800.000000000	45697.933817882	12796.067638455	65805.828351829	0	124299.829808166	0.00000000	0.000000000	0	0	0	0.000000000	-2659.220766769	15847.004721606	0	0	0.0000000	0.000000000
2033-07-01	350	3975.717519964	100	0	50	0.000000000	0	0	0	0	0	4475.717519964	1400.000000000	0	400	0	0	0	0	1800.000000000	45602.729789095	12742.750689961	65531.637400363	0	123877.117879419	0.00000000	0.000000000	0	0	0	0.000000000	-2675.717519964	12748.575272896	0	0	0.0000000	0.000000000
2033-08-01	350	3992.283009630	100	0	50	0.000000000	0	0	0	0	0	4492.283009630	1400.000000000	0	400	0	0	0	0	1800.000000000	45507.724102034	12689.655895419	65258.588911195	0	123455.968908649	0.00000000	0.000000000	0	0	0	0.000000000	-2692.283009630	9635.143292495	0	0	0.0000000	0.000000000
2033-09-01	350	4008.917522170	100	0	50	0.000000000	0	0	0	0	0	4508.917522170	1400.000000000	0	400	0	0	0	0	1800.000000000	45412.916343489	12636.782329189	64986.678124065	0	123036.376796742	0.00000000	0.000000000	0	0	0	0.000000000	-2708.917522170	6506.633658418	0	0	0.0000000	0.000000000
2033-10-01	350	4025.621345179	100	0	50	0.000000000	0	0	0	0	0	4525.621345179	1400.000000000	0	400	0	0	0	0	1800.000000000	45318.306101106	12584.129069484	64715.900298548	0	122618.335469138	0.00000000	0.000000000	0	0	0	0.000000000	-2725.621345179	3362.970985634	0	0	0.0000000	0.000000000
2033-11-01	350	4042.394767451	100	0	50	0.000000000	0	0	0	0	0	4542.394767451	1400.000000000	0	400	0	0	0	0	1800.000000000	45223.892963396	12531.695198361	64446.250713971	0	122201.838875727	0.00000000	0.000000000	0	0	0	0.000000000	-2742.394767451	204.079624772	0	0	0.0000000	0.000000000
2033-12-01	350	4059.238078982	100	0	50	0.000000000	0	0	0	0	0	4559.238078982	1400.000000000	0	400	0	0	0	0	1800.000000000	45129.676519722	12479.479801701	64177.724669329	0	121786.880990752	0.00000000	0.000000000	0	0	0	0.000000000	-2759.238078982	-2970.116339185	0	0	0.0000000	0.000000000
2034-01-01	350	4076.151570978	100	0	50	0.000000000	0	0	0	0	0	4576.151570978	1400.000000000	0	400	0	0	0	0	1800.000000000	45035.656360306	12427.481969194	63910.317483207	0	121373.455812707	0.00000000	0.000000000	0	0	0	0.000000000	-2776.151570978	-6159.693088208	0	0	0.0000000	0.000000000
2034-02-01	350	4093.135535857	100	0	50	0.000000000	0	0	0	0	0	4593.135535857	1400.000000000	0	400	0	0	0	0	1800.000000000	44941.832076222	12375.700794322	63644.024493694	0	120961.557364238	0.00000000	0.000000000	0	0	0	0.000000000	-2793.135535857	-9364.727072534	0	0	0.0000000	0.000000000
2034-03-01	350	4110.190267256	100	0	50	0.000000000	0	0	0	0	0	4610.190267256	1400.000000000	0	400	0	0	0	0	1800.000000000	44848.203259396	12324.135374346	63378.841058303	0	120551.179692045	0.00000000	0.000000000	0	0	0	0.000000000	-2810.190267256	-12585.295011982	0	0	0.0000000	0.000000000
2034-04-01	350	4127.316060037	100	0	50	0.000000000	0	0	0	0	0	4627.316060037	1400.000000000	0	400	0	0	0	0	1800.000000000	44754.769502606	12272.784810286	63114.762553894	0	120142.316866786	0.00000000	0.000000000	0	0	0	0.000000000	-2827.316060037	-15821.473897279	0	0	0.0000000	0.000000000
2034-05-01	350	4144.513210287	100	0	50	0.000000000	0	0	0	0	0	4644.513210287	1400.000000000	0	400	0	0	0	0	1800.000000000	44661.530399475	12221.648206910	62851.784376586	0	119734.962982971	0.00000000	0.000000000	0	0	0	0.000000000	-2844.513210287	-19073.340991380	0	0	0.0000000	0.000000000
2034-06-01	350	4161.782015330	100	0	50	0.000000000	0	0	0	0	0	4661.782015330	1400.000000000	0	400	0	0	0	0	1800.000000000	44568.485544477	12170.724672714	62589.901941683	0	119329.112158874	0.00000000	0.000000000	0	0	0	0.000000000	-2861.782015330	-22340.973830806	0	0	0.0000000	0.000000000
2034-07-01	350	4179.122773727	100	0	50	0.000000000	0	0	0	0	0	4679.122773727	1400.000000000	0	400	0	0	0	0	1800.000000000	44475.634532926	12120.013319911	62329.110683593	0	118924.758536430	0.00000000	0.000000000	0	0	0	0.000000000	-2879.122773727	-25624.450226977	0	0	0.0000000	0.000000000
2034-08-01	350	4196.535785284	100	0	50	0.000000000	0	0	0	0	0	4696.535785284	1400.000000000	0	400	0	0	0	0	1800.000000000	44382.976960982	12069.513264412	62069.406055745	0	118521.896281138	0.00000000	0.000000000	0	0	0	0.000000000	-2896.535785284	-28923.848267553	0	0	0.0000000	0.000000000
2034-09-01	350	4214.021351056	100	0	50	0.000000000	0	0	0	0	0	4714.021351056	1400.000000000	0	400	0	0	0	0	1800.000000000	44290.512425647	12019.223625810	61810.783530512	0	118120.519581969	0.00000000	0.000000000	0	0	0	0.000000000	-2914.021351056	-32239.246317778	0	0	0.0000000	0.000000000
2034-10-01	350	4231.579773352	100	0	50	0.000000000	0	0	0	0	0	4731.579773352	1400.000000000	0	400	0	0	0	0	1800.000000000	44198.240524760	11969.143527369	61553.238599135	0	117720.622651264	0.00000000	0.000000000	0	0	0	0.000000000	-2931.579773352	-35570.723021835	0	0	0.0000000	0.000000000
2034-11-01	350	4249.211355741	100	0	50	0.000000000	0	0	0	0	0	4749.211355741	1400.000000000	0	400	0	0	0	0	1800.000000000	44106.160857000	11919.272096005	61296.766771639	0	117322.199724644	0.00000000	0.000000000	0	0	0	0.000000000	-2949.211355741	-38918.357304196	0	0	0.0000000	0.000000000
2034-12-01	350	4266.916403057	100	0	50	0.000000000	0	0	0	0	0	4766.916403057	1400.000000000	0	400	0	0	0	0	1800.000000000	44014.273021881	11869.608462272	61041.363576757	0	116925.245060910	0.00000000	0.000000000	0	0	0	0.000000000	-2966.916403057	-42282.228370987	0	0	0.0000000	0.000000000
2035-01-01	350	4284.695221403	100	0	50	0.000000000	0	0	0	0	0	4784.695221403	1400.000000000	0	400	0	0	0	0	1800.000000000	43922.576619752	11820.151760346	60787.024561854	0	116529.752941952	0.00000000	0.000000000	0	0	0	0.000000000	-2984.695221403	-45662.415711348	0	0	0.0000000	0.000000000
2035-02-01	350	4302.548118159	100	0	50	0.000000000	0	0	0	0	0	4802.548118159	1400.000000000	0	400	0	0	0	0	1800.000000000	43831.071251794	11770.901128011	60533.745292846	0	116135.717672651	0.00000000	0.000000000	0	0	0	0.000000000	-3002.548118159	-49058.999098807	0	0	0.0000000	0.000000000
2035-03-01	350	4320.475401984	100	0	50	0.000000000	0	0	0	0	0	4820.475401984	1400.000000000	0	400	0	0	0	0	1800.000000000	43739.756520020	11721.855706644	60281.521354126	0	115743.133580790	0.00000000	0.000000000	0	0	0	0.000000000	-3020.475401984	-52472.058592652	0	0	0.0000000	0.000000000
2035-04-01	350	4338.477382826	100	0	50	0.000000000	0	0	0	0	0	4838.477382826	1400.000000000	0	400	0	0	0	0	1800.000000000	43648.632027270	11673.014641200	60030.348348484	0	115351.995016953	0.00000000	0.000000000	0	0	0	0.000000000	-3038.477382826	-55901.674539315	0	0	0.0000000	0.000000000
2035-05-01	350	4356.554371921	100	0	50	0.000000000	0	0	0	0	0	4856.554371921	1400.000000000	0	400	0	0	0	0	1800.000000000	43557.697377213	11624.377080195	59780.221897032	0	114962.296354440	0.00000000	0.000000000	0	0	0	0.000000000	-3056.554371921	-59347.927573749	0	0	0.0000000	0.000000000
2035-06-01	350	4374.706681804	100	0	50	0.000000000	0	0	0	0	0	4874.706681804	1400.000000000	0	400	0	0	0	0	1800.000000000	43466.952174344	11575.942175694	59531.137639127	0	114574.031989165	0.00000000	0.000000000	0	0	0	0.000000000	-3074.706681804	-62810.898620828	0	0	0.0000000	0.000000000
2035-07-01	350	4392.934626311	100	0	50	0.000000000	0	0	0	0	0	4892.934626311	1400.000000000	0	400	0	0	0	0	1800.000000000	43376.396023981	11527.709083295	59283.091232298	0	114187.196339574	0.00000000	0.000000000	0	0	0	0.000000000	-3092.934626311	-66290.668896731	0	0	0.0000000	0.000000000
2035-08-01	350	4411.238520588	0	0	0	0.000000000	0	0	0	0	0	4761.238520588	0.000000000	0	200	0	0	0	0	200.000000000	43286.028532264	11479.676962115	59036.078352163	0	113801.783846542	0.00000000	0.000000000	0	0	0	0.000000000	-4561.238520588	-71237.319910350	0	0	0.0000000	0.000000000
2035-09-01	350	4429.618681090	0	0	0	0.000000000	0	0	0	0	0	4779.618681090	0.000000000	0	200	0	0	0	0	200.000000000	43195.849306155	11431.844974773	58790.094692362	0	113417.788973290	0.00000000	0.000000000	0	0	0	0.000000000	-4579.618681090	-76200.933464692	0	0	0.0000000	0.000000000
2035-10-01	350	4448.075425595	0	0	0	0.000000000	0	0	0	0	0	4798.075425595	0.000000000	0	200	0	0	0	0	200.000000000	43105.857953434	11384.212287378	58545.135964478	0	113035.206205289	0.00000000	0.000000000	0	0	0	0.000000000	-4598.075425595	-81181.591658287	0	0	0.0000000	0.000000000
2035-11-01	350	4466.609073201	0	0	0	0.000000000	0	0	0	0	0	4816.609073201	0.000000000	0	200	0	0	0	0	200.000000000	43016.054082698	11336.778069514	58301.197897959	0	112654.030050170	0.00000000	0.000000000	0	0	0	0.000000000	-4616.609073201	-86179.376886608	0	0	0.0000000	0.000000000
2035-12-01	350	4485.219944340	0	0	0	0.000000000	0	0	0	0	0	4835.219944340	0.000000000	0	200	0	0	0	0	200.000000000	42926.437303359	11289.541494224	58058.276240051	0	112274.255037634	0.00000000	0.000000000	0	0	0	0.000000000	-4635.219944340	-91194.371843484	0	0	0.0000000	0.000000000
2036-01-01	350	4503.908360774	0	0	0	0.000000000	0	0	0	0	0	4853.908360774	0.000000000	0	200	0	0	0	0	200.000000000	42837.007225643	11242.501737998	57816.366755717	0	111895.875719359	0.00000000	0.000000000	0	0	0	0.000000000	-4653.908360774	-96226.659522533	0	0	0.0000000	0.000000000
2036-02-01	350	4522.674645611	0	0	0	0.000000000	0	0	0	0	0	4872.674645611	0.000000000	0	200	0	0	0	0	200.000000000	42747.763460590	11195.657980757	57575.465227568	0	111518.886668915	0.00000000	0.000000000	0	0	0	0.000000000	-4672.674645611	-101276.323218588	0	0	0.0000000	0.000000000
2036-03-01	350	4541.519123301	0	0	0	0.000000000	0	0	0	0	0	4891.519123301	0.000000000	0	200	0	0	0	0	200.000000000	42658.705620047	11149.009405837	57335.567455787	0	111143.282481671	0.00000000	0.000000000	0	0	0	0.000000000	-4691.519123301	-106343.446529134	0	0	0.0000000	0.000000000
2036-04-01	350	4560.442119648	0	0	0	0.000000000	0	0	0	0	0	4910.442119648	0.000000000	0	200	0	0	0	0	200.000000000	42569.833316672	11102.555199979	57096.669258054	0	110769.057774706	0.00000000	0.000000000	0	0	0	0.000000000	-4710.442119648	-111428.113355747	0	0	0.0000000	0.000000000
2036-05-01	350	4579.443961813	0	0	0	0.000000000	0	0	0	0	0	4929.443961813	0.000000000	0	200	0	0	0	0	200.000000000	42481.146163929	11056.294553313	56858.766469479	0	110396.207186721	0.00000000	0.000000000	0	0	0	0.000000000	-4729.443961813	-116530.407905545	0	0	0.0000000	0.000000000
2036-06-01	350	4598.524978321	0	0	0	0.000000000	0	0	0	0	0	4948.524978321	0.000000000	0	200	0	0	0	0	200.000000000	42392.643776087	11010.226659340	56621.854942523	0	110024.725377951	0.00000000	0.000000000	0	0	0	0.000000000	-4748.524978321	-121650.414692636	0	0	0.0000000	0.000000000
2036-07-01	350	4617.685499064	0	0	0	0.000000000	0	0	0	0	0	4967.685499064	0.000000000	0	200	0	0	0	0	200.000000000	42304.325768221	10964.350714927	56385.930546929	0	109654.607030076	0.00000000	0.000000000	0	0	0	0.000000000	-4767.685499064	-126788.218539574	0	0	0.0000000	0.000000000
2036-08-01	350	4636.925855310	0	0	0	0.000000000	0	0	0	0	0	4986.925855310	0.000000000	0	200	0	0	0	0	200.000000000	42216.191756203	10918.665920281	56150.989169650	0	109285.846846135	0.00000000	0.000000000	0	0	0	0.000000000	-4786.925855310	-131943.904578826	0	0	0.0000000	0.000000000
2036-09-01	350	4656.246379707	0	0	0	0.000000000	0	0	0	0	0	5006.246379707	0.000000000	0	200	0	0	0	0	200.000000000	42128.241356711	10873.171478946	55917.026714777	0	108918.439550435	0.00000000	0.000000000	0	0	0	0.000000000	-4806.246379707	-137117.558254233	0	0	0.0000000	0.000000000
2036-10-01	350	4675.647406289	0	0	0	0.000000000	0	0	0	0	0	5025.647406289	0.000000000	0	200	0	0	0	0	200.000000000	42040.474187218	10827.866597784	55684.039103465	0	108552.379888468	0.00000000	0.000000000	0	0	0	0.000000000	-4825.647406289	-142309.265322489	0	0	0.0000000	0.000000000
2036-11-01	350	4695.129270482	0	0	0	0.000000000	0	0	0	0	0	5045.129270482	0.000000000	0	200	0	0	0	0	200.000000000	41952.889865995	10782.750486960	55452.022273867	0	108187.662626822	0.00000000	0.000000000	0	0	0	0.000000000	-4845.129270482	-147519.111854617	0	0	0.0000000	0.000000000
2036-12-01	350	4714.692309109	0	0	0	0.000000000	0	0	0	0	0	5064.692309109	0.000000000	0	200	0	0	0	0	200.000000000	41865.488012107	10737.822359931	55220.972181060	0	107824.282553098	0.00000000	0.000000000	0	0	0	0.000000000	-4864.692309109	-152747.184237450	0	0	0.0000000	0.000000000
2037-01-01	350	4734.336860397	0	0	0	0.000000000	0	0	0	0	0	5084.336860397	0.000000000	0	200	0	0	0	0	200.000000000	41778.268245415	10693.081433431	54990.884796972	0	107462.234475819	0.00000000	0.000000000	0	0	0	0.000000000	-4884.336860397	-157993.569175126	0	0	0.0000000	0.000000000
2037-02-01	350	4754.063263982	0	0	0	0.000000000	0	0	0	0	0	5104.063263982	0.000000000	0	200	0	0	0	0	200.000000000	41691.230186571	10648.526927459	54761.756110318	0	107101.513224347	0.00000000	0.000000000	0	0	0	0.000000000	-4904.063263982	-163258.353690580	0	0	0.0000000	0.000000000
2037-03-01	350	4773.871860915	0	0	0	0.000000000	0	0	0	0	0	5123.871860915	0.000000000	0	200	0	0	0	0	200.000000000	41604.373457015	10604.158065261	54533.582126525	0	106742.113648801	0.00000000	0.000000000	0	0	0	0.000000000	-4923.871860915	-168541.625127041	0	0	0.0000000	0.000000000
2037-04-01	350	4793.762993669	0	0	0	0.000000000	0	0	0	0	0	5143.762993669	0.000000000	0	200	0	0	0	0	200.000000000	41517.697678980	10559.974073322	54306.358867664	0	106384.030619967	0.00000000	0.000000000	0	0	0	0.000000000	-4943.762993669	-173843.471149545	0	0	0.0000000	0.000000000
2037-05-01	350	4813.737006143	0	0	0	0.000000000	0	0	0	0	0	5163.737006143	0.000000000	0	200	0	0	0	0	200.000000000	41431.202475482	10515.974181350	54080.082372382	0	106027.259029215	0.00000000	0.000000000	0	0	0	0.000000000	-4963.737006143	-179163.979746439	0	0	0.0000000	0.000000000
2037-06-01	350	4833.794243668	0	0	0	0.000000000	0	0	0	0	0	5183.794243668	0.000000000	0	200	0	0	0	0	200.000000000	41344.887470325	10472.157622261	53854.748695831	0	105671.793788417	0.00000000	0.000000000	0	0	0	0.000000000	-4983.794243668	-184503.239230906	0	0	0.0000000	0.000000000
2037-07-01	350	4853.935053017	0	0	0	0.000000000	0	0	0	0	0	5203.935053017	0.000000000	0	200	0	0	0	0	200.000000000	41258.752288095	10428.523632169	53630.353909598	0	105317.629829862	0.00000000	0.000000000	0	0	0	0.000000000	-5003.935053017	-189861.338242478	0	0	0.0000000	0.000000000
2037-08-01	350	4874.159782405	0	0	0	0.000000000	0	0	0	0	0	5224.159782405	0.000000000	0	200	0	0	0	0	200.000000000	41172.796554161	10385.071450368	53406.894101642	0	104964.762106171	0.00000000	0.000000000	0	0	0	0.000000000	-5024.159782405	-195238.365748573	0	0	0.0000000	0.000000000
2037-09-01	350	4894.468781498	0	0	0	0.000000000	0	0	0	0	0	5244.468781498	0.000000000	0	200	0	0	0	0	200.000000000	41087.019894674	10341.800319325	53184.365376218	0	104613.185590216	0.00000000	0.000000000	0	0	0	0.000000000	-5044.468781498	-200634.411046026	0	0	0.0000000	0.000000000
2037-10-01	350	4914.862401421	0	0	0	0.000000000	0	0	0	0	0	5264.862401421	0.000000000	0	200	0	0	0	0	200.000000000	41001.421936560	10298.709484661	52962.763853817	0	104262.895275038	0.00000000	0.000000000	0	0	0	0.000000000	-5064.862401421	-206049.563762625	0	0	0.0000000	0.000000000
2037-11-01	350	4935.340994760	0	0	0	0.000000000	0	0	0	0	0	5285.340994760	0.000000000	0	200	0	0	0	0	200.000000000	40916.002307525	10255.798195141	52742.085671093	0	103913.886173760	0.00000000	0.000000000	0	0	0	0.000000000	-5085.340994760	-211483.913858663	0	0	0.0000000	0.000000000
2037-12-01	350	4955.904915572	0	0	0	0.000000000	0	0	0	0	0	5305.904915572	0.000000000	0	200	0	0	0	0	200.000000000	40830.760636051	10213.065702662	52522.326980797	0	103566.153319510	0.00000000	0.000000000	0	0	0	0.000000000	-5105.904915572	-216937.551628485	0	0	0.0000000	0.000000000
2038-01-01	350	4976.554519386	0	0	0	0.000000000	0	0	0	0	0	5326.554519386	0.000000000	0	200	0	0	0	0	200.000000000	40745.696551393	10170.511262234	52303.483951710	0	103219.691765337	0.00000000	0.000000000	0	0	0	0.000000000	-5126.554519386	-222410.567702044	0	0	0.0000000	0.000000000
2038-02-01	350	4997.290163217	0	0	0	0.000000000	0	0	0	0	0	5347.290163217	0.000000000	0	200	0	0	0	0	200.000000000	40660.809683577	10128.134131975	52085.552768578	0	102874.496584130	0.00000000	0.000000000	0	0	0	0.000000000	-5147.290163217	-227903.053046468	0	0	0.0000000	0.000000000
2038-03-01	350	5018.112205564	0	0	0	0.000000000	0	0	0	0	0	5368.112205564	0.000000000	0	200	0	0	0	0	200.000000000	40576.099663403	10085.933573091	51868.529632042	0	102530.562868537	0.00000000	0.000000000	0	0	0	0.000000000	-5168.112205564	-233415.098967625	0	0	0.0000000	0.000000000
2038-04-01	350	5039.021006420	0	0	0	0.000000000	0	0	0	0	0	5389.021006420	0.000000000	0	200	0	0	0	0	200.000000000	40491.566122438	10043.908849870	51652.410758575	0	102187.885730883	0.00000000	0.000000000	0	0	0	0.000000000	-5189.021006420	-238946.797111699	0	0	0.0000000	0.000000000
2038-05-01	350	5060.016927281	0	0	0	0.000000000	0	0	0	0	0	5410.016927281	0.000000000	0	200	0	0	0	0	200.000000000	40407.208693016	10002.059229662	51437.192380415	0	101846.460303093	0.00000000	0.000000000	0	0	0	0.000000000	-5210.016927281	-244498.239466770	0	0	0.0000000	0.000000000
2038-06-01	350	5081.100331144	0	0	0	0.000000000	0	0	0	0	0	5431.100331144	0.000000000	0	200	0	0	0	0	200.000000000	40323.027008239	9960.383982872	51222.870745496	0	101506.281736607	0.00000000	0.000000000	0	0	0	0.000000000	-5231.100331144	-250069.518364400	0	0	0.0000000	0.000000000
2038-07-01	350	5102.271582524	0	0	0	0.000000000	0	0	0	0	0	5452.271582524	0.000000000	0	200	0	0	0	0	200.000000000	40239.020701972	9918.882382943	51009.442117390	0	101167.345202305	0.00000000	0.000000000	0	0	0	0.000000000	-5252.271582524	-255660.726481226	0	0	0.0000000	0.000000000
2038-08-01	350	5123.531047451	0	0	0	0.000000000	0	0	0	0	0	5473.531047451	0.000000000	0	200	0	0	0	0	200.000000000	40155.189408843	9877.553706348	50796.902775234	0	100829.645890425	0.00000000	0.000000000	0	0	0	0.000000000	-5273.531047451	-261271.956840557	0	0	0.0000000	0.000000000
2038-09-01	350	5144.879093482	0	0	0	0.000000000	0	0	0	0	0	5494.879093482	0.000000000	0	200	0	0	0	0	200.000000000	40071.532764241	9836.397232571	50585.249013671	0	100493.179010483	0.00000000	0.000000000	0	0	0	0.000000000	-5294.879093482	-266903.302813981	0	0	0.0000000	0.000000000
2038-10-01	350	5166.316089705	0	0	0	0.000000000	0	0	0	0	0	5516.316089705	0.000000000	0	200	0	0	0	0	200.000000000	39988.050404315	9795.412244102	50374.477142780	0	100157.939791198	0.00000000	0.000000000	0	0	0	0.000000000	-5316.316089705	-272554.858122971	0	0	0.0000000	0.000000000
2038-11-01	350	5187.842406745	0	0	0	0.000000000	0	0	0	0	0	5537.842406745	0.000000000	0	200	0	0	0	0	200.000000000	39904.741965973	9754.598026419	50164.583488019	0	99823.923480411	0.00000000	0.000000000	0	0	0	0.000000000	-5337.842406745	-278226.716840504	0	0	0.0000000	0.000000000
2038-12-01	350	5209.458416774	0	0	0	0.000000000	0	0	0	0	0	5559.458416774	0.000000000	0	200	0	0	0	0	200.000000000	39821.607086877	9713.953867975	49955.564390152	0	99491.125345005	0.00000000	0.000000000	0	0	0	0.000000000	-5359.458416774	-283918.973392684	0	0	0.0000000	0.000000000
2039-01-01	350	5231.164493510	0	0	0	0.000000000	0	0	0	0	0	5581.164493510	0.000000000	0	200	0	0	0	0	200.000000000	39738.645405446	9673.479060192	49747.416205193	0	99159.540670831	0.00000000	0.000000000	0	0	0	0.000000000	-5381.164493510	-289631.722560367	0	0	0.0000000	0.000000000
2039-02-01	350	5252.961012233	0	0	0	0.000000000	0	0	0	0	0	5602.961012233	0.000000000	0	200	0	0	0	0	200.000000000	39655.856560852	9633.172897441	49540.135304338	0	98829.164762631	0.00000000	0.000000000	0	0	0	0.000000000	-5402.961012233	-295365.059480801	0	0	0.0000000	0.000000000
2039-03-01	350	5274.848349784	0	0	0	0.000000000	0	0	0	0	0	5624.848349784	0.000000000	0	200	0	0	0	0	200.000000000	39573.240193017	9593.034677035	49333.718073903	0	98499.992943955	0.00000000	0.000000000	0	0	0	0.000000000	-5424.848349784	-301119.079649261	0	0	0.0000000	0.000000000
2039-04-01	350	5296.826884575	0	0	0	0.000000000	0	0	0	0	0	5646.826884575	0.000000000	0	200	0	0	0	0	200.000000000	39490.795942614	9553.063699214	49128.160915262	0	98172.020557091	0.00000000	0.000000000	0	0	0	0.000000000	-5446.826884575	-306893.878920700	0	0	0.0000000	0.000000000
2039-05-01	350	5318.896996594	0	0	0	0.000000000	0	0	0	0	0	5668.896996594	0.000000000	0	200	0	0	0	0	200.000000000	39408.523451067	9513.259267134	48923.460244782	0	97845.242962983	0.00000000	0.000000000	0	0	0	0.000000000	-5468.896996594	-312689.553511401	0	0	0.0000000	0.000000000
2039-06-01	350	5341.059067413	0	0	0	0.000000000	0	0	0	0	0	5691.059067413	0.000000000	0	200	0	0	0	0	200.000000000	39326.422360544	9473.620686854	48719.612493762	0	97519.655541161	0.00000000	0.000000000	0	0	0	0.000000000	-5491.059067413	-318506.200000637	0	0	0.0000000	0.000000000
2039-07-01	350	5363.313480194	0	0	0	0.000000000	0	0	0	0	0	5713.313480194	0.000000000	0	200	0	0	0	0	200.000000000	39244.492313960	9434.147267326	48516.614108371	0	97195.253689657	0.00000000	0.000000000	0	0	0	0.000000000	-5513.313480194	-324343.915332334	0	0	0.0000000	0.000000000
2039-08-01	350	5385.660619695	0	0	0	0.000000000	0	0	0	0	0	5735.660619695	0.000000000	0	200	0	0	0	0	200.000000000	39162.732954972	9394.838320379	48314.461549586	0	96872.032824937	0.00000000	0.000000000	0	0	0	0.000000000	-5535.660619695	-330202.796816749	0	0	0.0000000	0.000000000
2039-09-01	350	5408.100872277	0	0	0	0.000000000	0	0	0	0	0	5758.100872277	0.000000000	0	200	0	0	0	0	200.000000000	39081.143927983	9355.693160710	48113.151293130	0	96549.988381823	0.00000000	0.000000000	0	0	0	0.000000000	-5558.100872277	-336082.942132140	0	0	0.0000000	0.000000000
2039-10-01	350	5430.634625911	0	0	0	0.000000000	0	0	0	0	0	5780.634625911	0.000000000	0	200	0	0	0	0	200.000000000	38999.724878133	9316.711105874	47912.679829408	0	96229.115813415	0.00000000	0.000000000	0	0	0	0.000000000	-5580.634625911	-341984.449326459	0	0	0.0000000	0.000000000
2039-11-01	350	5453.262270186	0	0	0	0.000000000	0	0	0	0	0	5803.262270186	0.000000000	0	200	0	0	0	0	200.000000000	38918.475451303	9277.891476266	47713.043663453	0	95909.410591022	0.00000000	0.000000000	0	0	0	0.000000000	-5603.262270186	-347907.416819038	0	0	0.0000000	0.000000000
2039-12-01	350	5475.984196312	0	0	0	0.000000000	0	0	0	0	0	5825.984196312	0.000000000	0	200	0	0	0	0	200.000000000	38837.395294113	9239.233595115	47514.239314855	0	95590.868204083	0.00000000	0.000000000	0	0	0	0.000000000	-5625.984196312	-353851.943402289	0	0	0.0000000	0.000000000
2040-01-01	350	5498.800797130	0	0	0	0.000000000	0	0	0	0	0	5848.800797130	0.000000000	0	200	0	0	0	0	200.000000000	38756.484053917	9200.736788469	47316.263317710	0	95273.484160096	0.00000000	0.000000000	0	0	0	0.000000000	-5648.800797130	-359818.128243406	0	0	0.0000000	0.000000000
2040-02-01	350	5521.712467118	0	0	0	0.000000000	0	0	0	0	0	5871.712467118	0.000000000	0	200	0	0	0	0	200.000000000	38675.741378805	9162.400385184	47119.112220552	0	94957.253984541	0.00000000	0.000000000	0	0	0	0.000000000	-5671.712467118	-365806.070886078	0	0	0.0000000	0.000000000
2040-03-01	350	5544.719602397	0	0	0	0.000000000	0	0	0	0	0	5894.719602397	0.000000000	0	200	0	0	0	0	200.000000000	38595.166917599	9124.223716912	46922.782586300	0	94642.173220811	0.00000000	0.000000000	0	0	0	0.000000000	-5694.719602397	-371815.871252205	0	0	0.0000000	0.000000000
2040-04-01	350	5567.822600741	0	0	0	0.000000000	0	0	0	0	0	5917.822600741	0.000000000	0	200	0	0	0	0	200.000000000	38514.760319854	9086.206118091	46727.270992191	0	94328.237430136	0.00000000	0.000000000	0	0	0	0.000000000	-5717.822600741	-377847.629643621	0	0	0.0000000	0.000000000
2040-05-01	350	5591.021861577	0	0	0	0.000000000	0	0	0	0	0	5941.021861577	0.000000000	0	200	0	0	0	0	200.000000000	38434.521235854	9048.346925933	46532.574029723	0	94015.442191510	0.00000000	0.000000000	0	0	0	0.000000000	-5741.021861577	-383901.446743824	0	0	0.0000000	0.000000000
2040-06-01	350	5614.317786000	0	0	0	0.000000000	0	0	0	0	0	5964.317786000	0.000000000	0	200	0	0	0	0	200.000000000	38354.449316613	9010.645480408	46338.688304599	0	93703.783101620	0.00000000	0.000000000	0	0	0	0.000000000	-5764.317786000	-389977.423619714	0	0	0.0000000	0.000000000
2040-07-01	350	5637.710776775	0	0	0	0.000000000	0	0	0	0	0	5987.710776775	0.000000000	0	200	0	0	0	0	200.000000000	38274.544213870	8973.101124240	46145.610436663	0	93393.255774773	0.00000000	0.000000000	0	0	0	0.000000000	-5787.710776775	-396075.661723337	0	0	0.0000000	0.000000000
2040-08-01	350	5661.201238345	0	0	0	0.000000000	0	0	0	0	0	6011.201238345	0.000000000	0	200	0	0	0	0	200.000000000	38194.805580091	8935.713202889	45953.337059844	0	93083.855842824	0.00000000	0.000000000	0	0	0	0.000000000	-5811.201238345	-402196.262893631	0	0	0.0000000	0.000000000
2040-09-01	350	5684.789576838	0	0	0	0.000000000	0	0	0	0	0	6034.789576838	0.000000000	0	200	0	0	0	0	200.000000000	38115.233068466	8898.481064543	45761.864822095	0	92775.578955104	0.00000000	0.000000000	0	0	0	0.000000000	-5834.789576838	-408339.329358189	0	0	0.0000000	0.000000000
2040-10-01	350	5708.476200075	0	0	0	0.000000000	0	0	0	0	0	6058.476200075	0.000000000	0	200	0	0	0	0	200.000000000	38035.826332907	8861.404060108	45571.190385336	0	92468.420778350	0.00000000	0.000000000	0	0	0	0.000000000	-5858.476200075	-414504.963735018	0	0	0.0000000	0.000000000
2040-11-01	350	5732.261517575	0	0	0	0.000000000	0	0	0	0	0	6082.261517575	0.000000000	0	200	0	0	0	0	200.000000000	37956.585028046	8824.481543191	45381.310425397	0	92162.376996634	0.00000000	0.000000000	0	0	0	0.000000000	-5882.261517575	-420693.269034310	0	0	0.0000000	0.000000000
2040-12-01	350	5756.145940565	0	0	0	0.000000000	0	0	0	0	0	6106.145940565	0.000000000	0	200	0	0	0	0	200.000000000	37877.508809238	8787.712870094	45192.221631958	0	91857.443311290	0.00000000	0.000000000	0	0	0	0.000000000	-5906.145940565	-426904.348660219	0	0	0.0000000	0.000000000
2041-01-01	350	5780.129881984	0	0	0	0.000000000	0	0	0	0	0	6130.129881984	0.000000000	0	200	0	0	0	0	200.000000000	37798.597332552	8751.097399802	45003.920708491	0	91553.615440845	0.00000000	0.000000000	0	0	0	0.000000000	-5930.129881984	-433138.306412648	0	0	0.0000000	0.000000000
2041-02-01	350	5804.213756493	0	0	0	0.000000000	0	0	0	0	0	6154.213756493	0.000000000	0	200	0	0	0	0	200.000000000	37719.850254776	8714.634493969	44816.404372206	0	91250.889120951	0.00000000	0.000000000	0	0	0	0.000000000	-5954.213756493	-439395.246489035	0	0	0.0000000	0.000000000
2041-03-01	350	5828.397980478	0	0	0	0.000000000	0	0	0	0	0	6178.397980478	0.000000000	0	200	0	0	0	0	200.000000000	37641.267233412	8678.323516911	44629.669353988	0	90949.260104311	0.00000000	0.000000000	0	0	0	0.000000000	-5978.397980478	-445675.273486153	0	0	0.0000000	0.000000000
2041-04-01	350	5852.682972063	0	0	0	0.000000000	0	0	0	0	0	6202.682972063	0.000000000	0	200	0	0	0	0	200.000000000	37562.847926676	8642.163835591	44443.712398347	0	90648.724160613	0.00000000	0.000000000	0	0	0	0.000000000	-6002.682972063	-451978.492401915	0	0	0.0000000	0.000000000
2041-05-01	350	5877.069151114	0	0	0	0.000000000	0	0	0	0	0	6227.069151114	0.000000000	0	200	0	0	0	0	200.000000000	37484.591993495	8606.154819609	44258.530263354	0	90349.277076458	0.00000000	0.000000000	0	0	0	0.000000000	-6027.069151114	-458305.008637184	0	0	0.0000000	0.000000000
2041-06-01	350	5901.556939243	0	0	0	0.000000000	0	0	0	0	0	6251.556939243	0.000000000	0	200	0	0	0	0	200.000000000	37406.499093508	8570.295841194	44074.119720590	0	90050.914655292	0.00000000	0.000000000	0	0	0	0.000000000	-6051.556939243	-464654.927997592	0	0	0.0000000	0.000000000
2041-07-01	350	5926.146759823	0	0	0	0.000000000	0	0	0	0	0	6276.146759823	0.000000000	0	200	0	0	0	0	200.000000000	37328.568887064	8534.586275189	43890.477555087	0	89753.632717340	0.00000000	0.000000000	0	0	0	0.000000000	-6076.146759823	-471028.356695368	0	0	0.0000000	0.000000000
2041-08-01	350	5950.839037989	0	0	0	0.000000000	0	0	0	0	0	6300.839037989	0.000000000	0	200	0	0	0	0	200.000000000	37250.801035216	8499.025499042	43707.600565274	0	89457.427099533	0.00000000	0.000000000	0	0	0	0.000000000	-6100.839037989	-477425.401351165	0	0	0.0000000	0.000000000
2041-09-01	350	5975.634200648	0	0	0	0.000000000	0	0	0	0	0	6325.634200648	0.000000000	0	200	0	0	0	0	200.000000000	37173.195199726	8463.612892796	43525.485562919	0	89162.293655441	0.00000000	0.000000000	0	0	0	0.000000000	-6125.634200648	-483846.168995904	0	0	0.0000000	0.000000000
2041-10-01	350	6000.532676484	0	0	0	0.000000000	0	0	0	0	0	6350.532676484	0.000000000	0	200	0	0	0	0	200.000000000	37095.751043060	8428.347839076	43344.129373074	0	88868.228255210	0.00000000	0.000000000	0	0	0	0.000000000	-6150.532676484	-490290.767072619	0	0	0.0000000	0.000000000
2041-11-01	350	6025.534895969	0	0	0	0.000000000	0	0	0	0	0	6375.534895969	0.000000000	0	200	0	0	0	0	200.000000000	37018.468228386	8393.229723080	43163.528834019	0	88575.226785486	0.00000000	0.000000000	0	0	0	0.000000000	-6175.534895969	-496759.303438312	0	0	0.0000000	0.000000000
2041-12-01	350	6050.641291369	0	0	0	0.000000000	0	0	0	0	0	6400.641291369	0.000000000	0	200	0	0	0	0	200.000000000	36941.346419577	8358.257932568	42983.680797211	0	88283.285149356	0.00000000	0.000000000	0	0	0	0.000000000	-6200.641291369	-503251.886365811	0	0	0.0000000	0.000000000
2042-01-01	350	6075.852296750	0	0	0	0.000000000	0	0	0	0	0	6425.852296750	0.000000000	0	200	0	0	0	0	200.000000000	36864.385281203	8323.431857848	42804.582127222	0	87992.399266274	0.00000000	0.000000000	0	0	0	0.000000000	-6225.852296750	-509768.624545642	0	0	0.0000000	0.000000000
2042-02-01	350	6101.168347986	0	0	0	0.000000000	0	0	0	0	0	6451.168347986	0.000000000	0	200	0	0	0	0	200.000000000	36787.584478534	8288.750891774	42626.229701692	0	87702.565072000	0.00000000	0.000000000	0	0	0	0.000000000	-6251.168347986	-516309.627087902	0	0	0.0000000	0.000000000
2042-03-01	350	6126.589882769	0	0	0	0.000000000	0	0	0	0	0	6476.589882769	0.000000000	0	200	0	0	0	0	200.000000000	36710.943677537	8254.214429725	42448.620411269	0	87413.778518531	0.00000000	0.000000000	0	0	0	0.000000000	-6276.589882769	-522875.003524141	0	0	0.0000000	0.000000000
2042-04-01	350	6152.117340614	0	0	0	0.000000000	0	0	0	0	0	6502.117340614	0.000000000	0	200	0	0	0	0	200.000000000	36634.462544876	8219.821869601	42271.751159555	0	87126.035574032	0.00000000	0.000000000	0	0	0	0.000000000	-6302.117340614	-529464.863809254	0	0	0.0000000	0.000000000
2042-05-01	350	6177.751162867	0	0	0	0.000000000	0	0	0	0	0	6527.751162867	0.000000000	0	200	0	0	0	0	200.000000000	36558.140747907	8185.572611811	42095.618863057	0	86839.332222775	0.00000000	0.000000000	0	0	0	0.000000000	-6327.751162867	-536079.318323378	0	0	0.0000000	0.000000000
2042-06-01	350	6203.491792712	0	0	0	0.000000000	0	0	0	0	0	6553.491792712	0.000000000	0	200	0	0	0	0	200.000000000	36481.977954682	8151.466059262	41920.220451127	0	86553.664465072	0.00000000	0.000000000	0	0	0	0.000000000	-6353.491792712	-542718.477873793	0	0	0.0000000	0.000000000
2042-07-01	350	6229.339675182	0	0	0	0.000000000	0	0	0	0	0	6579.339675182	0.000000000	0	200	0	0	0	0	200.000000000	36405.973833943	8117.501617348	41745.552865914	0	86269.028317206	0.00000000	0.000000000	0	0	0	0.000000000	-6379.339675182	-549382.453696840	0	0	0.0000000	0.000000000
2042-08-01	350	6255.295257162	0	0	0	0.000000000	0	0	0	0	0	6605.295257162	0.000000000	0	200	0	0	0	0	200.000000000	36330.128055123	8083.678693943	41571.613062306	0	85985.419811372	0.00000000	0.000000000	0	0	0	0.000000000	-6405.295257162	-556071.357459836	0	0	0.0000000	0.000000000
2042-09-01	350	6281.358987400	0	0	0	0.000000000	0	0	0	0	0	6631.358987400	0.000000000	0	200	0	0	0	0	200.000000000	36254.440288341	8049.996699385	41398.398007880	0	85702.834995606	0.00000000	0.000000000	0	0	0	0.000000000	-6431.358987400	-562785.301263002	0	0	0.0000000	0.000000000
2042-10-01	350	6307.531316514	0	0	0	0.000000000	0	0	0	0	0	6657.531316514	0.000000000	0	200	0	0	0	0	200.000000000	36178.910204407	8016.455046471	41225.904682847	0	85421.269933725	0.00000000	0.000000000	0	0	0	0.000000000	-6457.531316514	-569524.397641397	0	0	0.0000000	0.000000000
2042-11-01	350	6333.812696999	0	0	0	0.000000000	0	0	0	0	0	6683.812696999	0.000000000	0	200	0	0	0	0	200.000000000	36103.537474815	7983.053150444	41054.130080002	0	85140.720705260	0.00000000	0.000000000	0	0	0	0.000000000	-6483.812696999	-576288.759566861	0	0	0.0000000	0.000000000
2042-12-01	350	6360.203583237	0	0	0	0.000000000	0	0	0	0	0	6710.203583237	0.000000000	0	200	0	0	0	0	200.000000000	36028.321771742	7949.790428983	40883.071204669	0	84861.183405394	0.00000000	0.000000000	0	0	0	0.000000000	-6510.203583237	-583078.500449964	0	0	0.0000000	0.000000000
2043-01-01	350	6386.704431500	0	0	0	0.000000000	0	0	0	0	0	6736.704431500	0.000000000	0	200	0	0	0	0	200.000000000	35953.262768051	7916.666302196	40712.725074649	0	84582.654144896	0.00000000	0.000000000	0	0	0	0.000000000	-6536.704431500	-589893.734141963	0	0	0.0000000	0.000000000
2043-02-01	350	6413.315699965	0	0	0	0.000000000	0	0	0	0	0	6763.315699965	0.000000000	0	200	0	0	0	0	200.000000000	35878.360137284	7883.680192604	40543.088720172	0	84305.129050059	0.00000000	0.000000000	0	0	0	0.000000000	-6563.315699965	-596734.574936764	0	0	0.0000000	0.000000000
2043-03-01	350	6440.037848715	0	0	0	0.000000000	0	0	0	0	0	6790.037848715	0.000000000	0	200	0	0	0	0	200.000000000	35803.613553665	7850.831525134	40374.159183838	0	84028.604262637	0.00000000	0.000000000	0	0	0	0.000000000	-6590.037848715	-603601.137572902	0	0	0.0000000	0.000000000
2043-04-01	350	6466.871339751	0	0	0	0.000000000	0	0	0	0	0	6816.871339751	0.000000000	0	200	0	0	0	0	200.000000000	35729.022692095	7818.119727113	40205.933520572	0	83753.075939779	0.00000000	0.000000000	0	0	0	0.000000000	-6616.871339751	-610493.537235511	0	0	0.0000000	0.000000000
2043-05-01	350	6493.816637000	0	0	0	0.000000000	0	0	0	0	0	6843.816637000	0.000000000	0	200	0	0	0	0	200.000000000	35654.587228153	7785.544228250	40038.408797569	0	83478.540253972	0.00000000	0.000000000	0	0	0	0.000000000	-6643.816637000	-617411.889558318	0	0	0.0000000	0.000000000
2043-06-01	350	6520.874206321	0	0	0	0.000000000	0	0	0	0	0	6870.874206321	0.000000000	0	200	0	0	0	0	200.000000000	35580.306838094	7753.104460632	39871.582094246	0	83204.993392972	0.00000000	0.000000000	0	0	0	0.000000000	-6670.874206321	-624356.310625639	0	0	0.0000000	0.000000000
2043-07-01	350	6548.044515514	0	0	0	0.000000000	0	0	0	0	0	6898.044515514	0.000000000	0	200	0	0	0	0	200.000000000	35506.181198848	7720.799858713	39705.450502187	0	82932.431559748	0.00000000	0.000000000	0	0	0	0.000000000	-6698.044515514	-631326.916974377	0	0	0.0000000	0.000000000
2043-08-01	350	6575.328034329	0	0	0	0.000000000	0	0	0	0	0	6925.328034329	0.000000000	0	200	0	0	0	0	200.000000000	35432.209988017	7688.629859302	39540.011125094	0	82660.850972413	0.00000000	0.000000000	0	0	0	0.000000000	-6725.328034329	-638323.825596041	0	0	0.0000000	0.000000000
2043-09-01	350	6602.725234472	0	0	0	0.000000000	0	0	0	0	0	6952.725234472	0.000000000	0	200	0	0	0	0	200.000000000	35358.392883875	7656.593901555	39375.261078740	0	82390.247864170	0.00000000	0.000000000	0	0	0	0.000000000	-6752.725234472	-645347.153938755	0	0	0.0000000	0.000000000
2043-10-01	350	6630.236589615	0	0	0	0.000000000	0	0	0	0	0	6980.236589615	0.000000000	0	200	0	0	0	0	200.000000000	35284.729565367	7624.691426965	39211.197490912	0	82120.618483244	0.00000000	0.000000000	0	0	0	0.000000000	-6780.236589615	-652397.019909297	0	0	0.0000000	0.000000000
2043-11-01	350	6657.862575405	0	0	0	0.000000000	0	0	0	0	0	7007.862575405	0.000000000	0	200	0	0	0	0	200.000000000	35211.219712106	7592.921879352	39047.817501366	0	81851.959092825	0.00000000	0.000000000	0	0	0	0.000000000	-6807.862575405	-659473.541875121	0	0	0.0000000	0.000000000
2043-12-01	350	6685.603669470	0	0	0	0.000000000	0	0	0	0	0	7035.603669470	0.000000000	0	200	0	0	0	0	200.000000000	35137.863004373	7561.284704855	38885.118261777	0	81584.265971005	0.00000000	0.000000000	0	0	0	0.000000000	-6835.603669470	-666576.838666410	0	0	0.0000000	0.000000000
2044-01-01	0	0.000000000	0	0	0	0.000000000	0	0	0	0	0	0.000000000	0.000000000	0	0	0	0	0	0	0.000000000	35064.659123114	7529.779351918	38723.096935686	0	81317.535410718	0.00000000	0.000000000	0	0	0	0.000000000	0.000000000	-666843.569226697	0	0	0.0000000	0.000000000
2044-02-01	0	0.000000000	0	0	0	0.000000000	0	0	0	0	0	0.000000000	0.000000000	0	0	0	0	0	0	0.000000000	35064.659123114	7529.779351918	38723.096935686	0	81317.535410718	0.00000000	0.000000000	0	0	0	0.000000000	0.000000000	-666843.569226697	0	0	0.0000000	0.000000000
2044-03-01	0	0.000000000	0	0	0	0.000000000	0	0	0	0	0	0.000000000	0.000000000	0	0	0	0	0	0	0.000000000	35064.659123114	7529.779351918	38723.096935686	0	81317.535410718	0.00000000	0.000000000	0	0	0	0.000000000	0.000000000	-666843.569226697	0	0	0.0000000	0.000000000
