Date	E0	E1	E2	E3	E4	E5	E6	E7	E8	EC	EF	Etotal	I0	I1	I2	I3	I4	I5	IC	Itotal	R0	R1	R2	R3	Rtotal	D0	D1	D2	D3	D4	Dtotal	BB	NW	U0	U1	U2	U3
2015-09-01	912	1650.000000000	100	0	50	0.000000000	0	0	0	0	0	2712.000000000	4800.000000000	0	0	0	0	0	0	4800.000000000	130000.000000000	25000.000000000	0.000000000	0	155000.000000000	0.00000000	0.000000000	0	0	0	0.000000000	2088.000000000	157088.000000000	155000	0	0.0000000	0.000000000
2015-10-01	912	1656.875000000	100	0	50	0.000000000	0	0	0	0	0	2718.875000000	4806.000000000	0	0	0	0	0	0	4806.000000000	130054.166666667	25062.500000000	0.000000000	0	155116.666666667	0.00000000	0.000000000	0	0	0	0.000000000	2087.125000000	159291.791666667	0	0	0.0000000	0.000000000
2015-11-01	912	1663.778645833	100	0	50	0.000000000	0	0	0	0	0	2725.778645833	4812.007500000	0	0	0	0	0	0	4812.007500000	130054.166666667	25062.500000000	0.000000000	0	155116.666666667	0.00000000	0.000000000	0	0	0	0.000000000	2086.228854167	161378.020520833	0	0	0.0000000	0.000000000
2015-12-01	912	1670.711056858	100	0	50	0.000000000	0	0	0	0	0	2732.711056858	4818.022509375	0	0	0	0	0	0	4818.022509375	130054.166666667	25062.500000000	0.000000000	0	155116.666666667	0.00000000	0.000000000	0	0	0	0.000000000	2085.311452517	163463.331973351	0	0	0.0000000	0.000000000
2016-01-01	912	1660.341175673	100	0	50	0.000000000	0	0	0	0	0	2722.341175673	4809.007502344	0	0	0	0	0	0	4809.007502344	130054.166666667	25062.500000000	0.000000000	0	155116.666666667	0.00000000	0.000000000	0	0	0	0.000000000	2086.666326671	165549.998300022	0	0	0.0000000	0.000000000
2016-02-01	912	1667.259263905	100	0	50	0.000000000	0	0	0	0	0	2729.259263905	4815.018761722	0	0	0	0	0	0	4815.018761722	130054.166666667	25062.500000000	0.000000000	0	155116.666666667	0.00000000	0.000000000	0	0	0	0.000000000	2085.759497817	167635.757797839	0	0	0.0000000	0.000000000
2016-03-01	912	1674.206177504	100	0	50	0.000000000	0	0	0	0	0	2736.206177504	4821.037535174	0	0	0	0	0	0	4821.037535174	130054.166666667	25062.500000000	0.000000000	0	155116.666666667	0.00000000	0.000000000	0	0	0	0.000000000	2084.831357670	169720.589155509	0	0	0.0000000	0.000000000
2016-04-01	912	1681.182036577	100	0	50	0.000000000	0	0	0	0	0	2743.182036577	4827.063832093	0	0	0	0	0	0	4827.063832093	130054.166666667	25062.500000000	0.000000000	0	155116.666666667	0.00000000	0.000000000	0	0	0	0.000000000	2083.881795516	171804.470951024	0	0	0.0000000	0.000000000
2016-05-01	912	1688.186961730	100	0	50	0.000000000	0	0	0	0	0	2750.186961730	4833.097661883	0	0	0	0	0	0	4833.097661883	130054.166666667	25062.500000000	0.000000000	0	155116.666666667	0.00000000	0.000000000	0	0	0	0.000000000	2082.910700153	173887.381651177	0	0	0.0000000	0.000000000
2016-06-01	912	1695.221074070	100	0	50	0.000000000	0	0	0	0	0	2757.221074070	4839.139033960	0	0	0	0	0	0	4839.139033960	130054.166666667	25062.500000000	0.000000000	0	155116.666666667	0.00000000	0.000000000	0	0	0	0.000000000	2081.917959890	175969.299611067	0	0	0.0000000	0.000000000
2016-07-01	912	1702.284495212	100	0	50	0.000000000	0	0	0	0	0	2764.284495212	4845.187957753	0	0	0	0	0	0	4845.187957753	130054.166666667	25062.500000000	0.000000000	0	155116.666666667	0.00000000	0.000000000	0	0	0	0.000000000	2080.903462541	178050.203073608	0	0	0.0000000	0.000000000
2016-08-01	2350	1709.377347276	100	0	50	0.000000000	0	0	0	0	0	4209.377347276	4200.000000000	0	0	0	0	0	0	4200.000000000	20054.166666667	25062.500000000	110000.000000000	0	155116.666666667	150000.00000000	0.000000000	0	0	0	150000.000000000	-9.377347276	28040.825726332	110000	110000	0.0000000	0.000000000
2016-09-01	350	1716.499752889	100	0	50	752.007396626	0	0	0	0	0	2968.507149515	4205.250000000	0	0	0	0	0	0	4205.250000000	20054.166666667	25062.500000000	110000.000000000	0	155116.666666667	149799.21401344	0.000000000	0	0	0	149799.214013439	1236.742850485	29478.354563378	0	0	0.0000000	752.007396626
2016-10-01	350	1723.651835193	100	0	50	752.007396626	0	0	0	0	0	2975.659231819	4210.506562500	0	0	0	0	0	0	4210.506562500	20054.166666667	25062.500000000	110000.000000000	0	155116.666666667	149597.69017665	0.000000000	0	0	0	149597.690176648	1234.847330681	30914.725730850	0	0	0.0000000	752.007396626
2016-11-01	350	1730.833717840	100	0	50	752.007396626	0	0	0	0	0	2982.841114466	4215.769695703	0	0	0	0	0	0	4215.769695703	20054.166666667	25062.500000000	110000.000000000	0	155116.666666667	149395.42577817	0.000000000	0	0	0	149395.425778167	1232.928581238	32349.918710569	0	0	0.0000000	752.007396626
2016-12-01	350	1738.045524997	100	0	50	752.007396626	0	0	0	0	0	2990.052921623	4221.039407823	0	0	0	0	0	0	4221.039407823	20054.166666667	25062.500000000	110000.000000000	0	155116.666666667	149192.41809657	0.000000000	0	0	0	149192.418096573	1230.986486199	33783.912878363	0	0	0.0000000	752.007396626
2017-01-01	350	1745.287381351	100	0	50	752.007396626	0	0	0	0	0	2997.294777977	4226.315707083	0	0	0	0	0	0	4226.315707083	20054.166666667	25062.500000000	110000.000000000	0	155116.666666667	148988.66440044	0.000000000	0	0	0	148988.664400442	1229.020929105	35216.687503599	0	0	0.0000000	752.007396626
2017-02-01	350	1752.559412107	100	0	50	752.007396626	0	0	0	0	0	3004.566808733	4231.598601716	0	0	0	0	0	0	4231.598601716	20054.166666667	25062.500000000	110000.000000000	0	155116.666666667	148784.16194831	0.000000000	0	0	0	148784.161948313	1227.031792983	36648.221748711	0	0	0.0000000	752.007396626
2017-03-01	350	1759.861742991	100	0	50	752.007396626	0	0	0	0	0	3011.869139617	4236.888099969	0	0	0	0	0	0	4236.888099969	20054.166666667	25062.500000000	110000.000000000	0	155116.666666667	148578.90798865	0.000000000	0	0	0	148578.907988651	1225.018960352	38078.494668725	0	0	0.0000000	752.007396626
2017-04-01	350	1767.194500253	100	0	50	752.007396626	0	0	0	0	0	3019.201896879	4242.184210093	0	0	0	0	0	0	4242.184210093	20054.166666667	25062.500000000	110000.000000000	0	155116.666666667	148372.89975981	0.000000000	0	0	0	148372.899759808	1222.982313214	39507.485210782	0	0	0.0000000	752.007396626
2017-05-01	350	1774.557810671	100	0	50	752.007396626	0	0	0	0	0	3026.565207297	4247.486940356	0	0	0	0	0	0	4247.486940356	20054.166666667	25062.500000000	110000.000000000	0	155116.666666667	148166.13448999	0.000000000	0	0	0	148166.134489989	1220.921733059	40935.172213659	0	0	0.0000000	752.007396626
2017-06-01	350	1781.951801549	100	0	50	752.007396626	0	0	0	0	0	3033.959198175	4252.796299032	0	0	0	0	0	0	4252.796299032	20054.166666667	25062.500000000	110000.000000000	0	155116.666666667	147958.60939721	0.000000000	0	0	0	147958.609397213	1218.837100857	42361.534407292	0	0	0.0000000	752.007396626
2017-07-01	350	1789.376600722	100	0	50	752.007396626	0	0	0	0	0	3041.383997348	4258.112294405	0	0	0	0	0	0	4258.112294405	20054.166666667	25062.500000000	110000.000000000	0	155116.666666667	147750.32168928	0.000000000	0	0	0	147750.321689276	1216.728297057	43786.550412287	0	0	0.0000000	752.007396626
2017-08-01	350	1796.832336558	100	0	50	752.007396626	0	0	0	0	0	3048.839733184	4263.434934773	0	0	0	0	0	0	4263.434934773	20054.166666667	25062.500000000	110000.000000000	0	155116.666666667	147541.26856371	0.000000000	0	0	0	147541.268563711	1214.595201589	45210.198739441	0	0	0.0000000	752.007396626
2017-09-01	350	1804.319137961	100	0	50	752.007396626	0	0	0	0	0	3056.326534587	4268.764228442	0	0	0	0	0	0	4268.764228442	20054.166666667	25062.500000000	110000.000000000	0	155116.666666667	147331.44720776	0.000000000	0	0	0	147331.447207755	1212.437693855	46632.457789252	0	0	0.0000000	752.007396626
2017-10-01	350	1811.837134369	100	0	50	752.007396626	0	0	0	0	0	3063.844530995	4274.100183727	0	0	0	0	0	0	4274.100183727	20054.166666667	25062.500000000	110000.000000000	0	155116.666666667	147120.85479831	0.000000000	0	0	0	147120.854798308	1210.255652733	48053.305851432	0	0	0.0000000	752.007396626
2017-11-01	350	1819.386455762	100	0	50	752.007396626	0	0	0	0	0	3071.393852388	4279.442808957	0	0	0	0	0	0	4279.442808957	20054.166666667	25062.500000000	110000.000000000	0	155116.666666667	146909.48850190	0.000000000	0	0	0	146909.488501895	1208.048956569	49472.721104414	0	0	0.0000000	752.007396626
2017-12-01	350	1826.967232661	100	0	50	752.007396626	0	0	0	0	0	3078.974629287	4284.792112468	0	0	0	0	0	0	4284.792112468	20054.166666667	25062.500000000	110000.000000000	0	155116.666666667	146697.34547463	0.000000000	0	0	0	146697.345474629	1205.817483181	50890.681614861	0	0	0.0000000	752.007396626
2018-01-01	350	1834.579596130	100	0	50	752.007396626	0	0	0	0	0	3086.586992756	4290.148102609	0	0	0	0	0	0	4290.148102609	20054.166666667	25062.500000000	110000.000000000	0	155116.666666667	146484.42286217	0.000000000	0	0	0	146484.422862173	1203.561109852	52307.165337170	0	0	0.0000000	752.007396626
2018-02-01	350	1842.223677781	100	0	50	752.007396626	0	0	0	0	0	3094.231074407	4295.510787737	0	0	0	0	0	0	4295.510787737	20054.166666667	25062.500000000	110000.000000000	0	155116.666666667	146270.71779970	0.000000000	0	0	0	146270.717799698	1201.279713330	53722.150112975	0	0	0.0000000	752.007396626
2018-03-01	350	1849.899609772	100	0	50	752.007396626	0	0	0	0	0	3101.907006398	4300.880176222	0	0	0	0	0	0	4300.880176222	20054.166666667	25062.500000000	110000.000000000	0	155116.666666667	146056.22741185	0.000000000	0	0	0	146056.227411851	1198.973169824	55135.613670646	0	0	0.0000000	752.007396626
2018-04-01	350	1857.607524812	100	0	50	752.007396626	0	0	0	0	0	3109.614921438	4306.256276442	0	0	0	0	0	0	4306.256276442	20054.166666667	25062.500000000	110000.000000000	0	155116.666666667	145840.94881271	0.000000000	0	0	0	145840.948812710	1196.641355004	56547.533624790	0	0	0.0000000	752.007396626
2018-05-01	350	1865.347556166	100	0	50	752.007396626	0	0	0	0	0	3117.354952792	4311.639096788	0	0	0	0	0	0	4311.639096788	20054.166666667	25062.500000000	110000.000000000	0	155116.666666667	145624.87910575	0.000000000	0	0	0	145624.879105750	1194.284143996	57957.887475746	0	0	0.0000000	752.007396626
2018-06-01	350	1873.119837650	100	0	50	752.007396626	0	0	0	0	0	3125.127234276	4317.028645659	0	0	0	0	0	0	4317.028645659	20054.166666667	25062.500000000	110000.000000000	0	155116.666666667	145408.01538380	0.000000000	0	0	0	145408.015383799	1191.901411383	59366.652609080	0	0	0.0000000	752.007396626
2018-07-01	350	1880.924503640	100	0	50	752.007396626	0	0	0	0	0	3132.931900266	0.000000000	0	300	0	0	0	0	300.000000000	20054.166666667	25062.500000000	110000.000000000	0	155116.666666667	145190.35472900	0.000000000	0	0	0	145190.354729004	-2832.931900266	56751.381363609	0	0	0.0000000	752.007396626
2018-08-01	350	1888.761689072	100	0	50	752.007396626	0	0	0	0	0	3140.769085698	0.000000000	0	300	0	0	0	0	300.000000000	20054.166666667	25062.500000000	110000.000000000	0	155116.666666667	144971.89421279	0.000000000	0	0	0	144971.894212789	-2840.769085698	54129.072794126	0	0	0.0000000	752.007396626
2018-09-01	350	1896.631529443	100	0	50	752.007396626	0	0	0	0	0	3148.638926069	0.000000000	0	300	0	0	0	0	300.000000000	20054.166666667	25062.500000000	110000.000000000	0	155116.666666667	144752.63089582	0.000000000	0	0	0	144752.630895815	-2848.638926069	51499.697185031	0	0	0.0000000	752.007396626
2018-10-01	350	1904.534160816	100	0	50	752.007396626	0	0	0	0	0	3156.541557442	0.000000000	0	300	0	0	0	0	300.000000000	20054.166666667	25062.500000000	110000.000000000	0	155116.666666667	144532.56182794	0.000000000	0	0	0	144532.561827943	-2856.541557442	48863.224695461	0	0	0.0000000	752.007396626
2018-11-01	350	1912.469719819	100	0	50	752.007396626	0	0	0	0	0	3164.477116445	0.000000000	0	300	0	0	0	0	300.000000000	20054.166666667	25062.500000000	110000.000000000	0	155116.666666667	144311.68404819	0.000000000	0	0	0	144311.684048192	-2864.477116445	46219.625358768	0	0	0.0000000	752.007396626
2018-12-01	350	1920.438343652	100	0	50	752.007396626	0	0	0	0	0	3172.445740278	0.000000000	0	300	0	0	0	0	300.000000000	20054.166666667	25062.500000000	110000.000000000	0	155116.666666667	144089.99458470	0.000000000	0	0	0	144089.994584699	-2872.445740278	43568.869081983	0	0	0.0000000	752.007396626
2019-01-01	350	1928.440170083	100	0	50	752.007396626	0	0	0	0	0	3180.447566710	0.000000000	0	300	0	0	0	0	300.000000000	20054.166666667	25062.500000000	110000.000000000	0	155116.666666667	143867.49045468	0.000000000	0	0	0	143867.490454681	-2880.447566710	40910.925645291	0	0	0.0000000	752.007396626
2019-02-01	350	1936.475337459	100	0	50	752.007396626	0	0	0	0	0	3188.482734085	0.000000000	0	300	0	0	0	0	300.000000000	20054.166666667	25062.500000000	110000.000000000	0	155116.666666667	143644.16866440	0.000000000	0	0	0	143644.168664395	-2888.482734085	38245.764701492	0	0	0.0000000	752.007396626
2019-03-01	350	1944.543984698	100	0	50	752.007396626	0	0	0	0	0	3196.551381324	0.000000000	0	300	0	0	0	0	300.000000000	20054.166666667	25062.500000000	110000.000000000	0	155116.666666667	143420.02620910	0.000000000	0	0	0	143420.026209095	-2896.551381324	35573.355775468	0	0	0.0000000	752.007396626
2019-04-01	350	1952.646251301	100	0	50	752.007396626	0	0	0	0	0	3204.653647927	0.000000000	0	300	0	0	0	0	300.000000000	20054.166666667	25062.500000000	110000.000000000	0	155116.666666667	143195.06007299	0.000000000	0	0	0	143195.060072993	-2904.653647927	32893.668263643	0	0	0.0000000	752.007396626
2019-05-01	350	1960.782277348	100	0	50	752.007396626	0	0	0	0	0	3212.789673974	0.000000000	0	300	0	0	0	0	300.000000000	20054.166666667	25062.500000000	110000.000000000	0	155116.666666667	142969.26722922	0.000000000	0	0	0	142969.267229220	-2912.789673974	30206.671433442	0	0	0.0000000	752.007396626
2019-06-01	350	1968.952203504	100	0	50	752.007396626	0	0	0	0	0	3220.959600130	0.000000000	0	300	0	0	0	0	300.000000000	20054.166666667	25062.500000000	110000.000000000	0	155116.666666667	142742.64463978	0.000000000	0	0	0	142742.644639781	-2920.959600130	27512.334422751	0	0	0.0000000	752.007396626
2019-07-01	350	1977.156171018	100	0	50	752.007396626	0	0	0	0	0	3229.163567644	0.000000000	0	300	0	0	0	0	300.000000000	20054.166666667	25062.500000000	110000.000000000	0	155116.666666667	142515.18925552	0.000000000	0	0	0	142515.189255520	-2929.163567644	24810.626239367	0	0	0.0000000	752.007396626
2019-08-01	350	1985.394321731	100	0	50	752.007396626	0	0	0	0	0	3237.401718357	0.000000000	0	300	0	0	0	0	300.000000000	20054.166666667	25062.500000000	110000.000000000	0	155116.666666667	142286.89801608	0.000000000	0	0	0	142286.898016076	-2937.401718357	22101.515760455	0	0	0.0000000	752.007396626
2019-09-01	350	1993.666798072	100	0	50	752.007396626	0	0	0	0	0	3245.674194698	0.000000000	0	300	0	0	0	0	300.000000000	20054.166666667	25062.500000000	110000.000000000	0	155116.666666667	142057.76784984	0.000000000	0	0	0	142057.767849838	-2945.674194698	19384.971731995	0	0	0.0000000	752.007396626
2019-10-01	350	2001.973743064	100	0	50	752.007396626	0	0	0	0	0	3253.981139690	0.000000000	0	300	0	0	0	0	300.000000000	20054.166666667	25062.500000000	110000.000000000	0	155116.666666667	141827.79567391	0.000000000	0	0	0	141827.795673912	-2953.981139690	16660.962768231	0	0	0.0000000	752.007396626
2019-11-01	350	2010.315300326	100	0	50	752.007396626	0	0	0	0	0	3262.322696952	0.000000000	0	300	0	0	0	0	300.000000000	20054.166666667	25062.500000000	110000.000000000	0	155116.666666667	141596.97839407	0.000000000	0	0	0	141596.978394071	-2962.322696952	13929.457351119	0	0	0.0000000	752.007396626
2019-12-01	350	2018.691614078	100	0	50	752.007396626	0	0	0	0	0	3270.699010704	0.000000000	0	300	0	0	0	0	300.000000000	20054.166666667	25062.500000000	110000.000000000	0	155116.666666667	141365.31290472	0.000000000	0	0	0	141365.312904721	-2970.699010704	11190.423829766	0	0	0.0000000	752.007396626
2020-01-01	350	2027.102829136	100	0	50	752.007396626	0	0	0	0	0	3279.110225762	0.000000000	0	300	0	0	0	0	300.000000000	20054.166666667	25062.500000000	110000.000000000	0	155116.666666667	141132.79608885	0.000000000	0	0	0	141132.796088853	-2979.110225762	8443.830419871	0	0	0.0000000	752.007396626
2020-02-01	350	2035.549090924	100	0	50	752.007396626	0	0	0	0	0	3287.556487550	0.000000000	0	300	0	0	0	0	300.000000000	20012.387152778	24958.072916667	109541.666666667	0	154512.126736111	140899.42481800	0.000000000	0	0	0	140899.424818004	-2987.556487550	5085.105272614	0	0	0.0000000	752.007396626
2020-03-01	350	2044.030545470	100	0	50	752.007396626	0	0	0	0	0	3296.037942096	0.000000000	0	300	0	0	0	0	300.000000000	19970.694679543	24854.080946181	109085.243055556	0	153910.018681279	140665.19595222	0.000000000	0	0	0	140665.195952216	-2996.037942096	1721.188141475	0	0	0.0000000	752.007396626
2020-04-01	350	2052.547339409	100	0	50	752.007396626	0	0	0	0	0	3304.554736035	0.000000000	0	300	0	0	0	0	300.000000000	19929.089065627	24750.522275571	108630.721209491	0	153310.332550690	140430.10633999	0.000000000	0	0	0	140430.106339989	-3004.554736035	-1647.963112924	0	0	0.0000000	752.007396626
2020-05-01	350	2061.099619990	100	0	50	752.007396626	0	0	0	0	0	3313.107016616	0.000000000	0	300	0	0	0	0	300.000000000	19887.570130074	24647.395099423	108178.093204451	0	152713.058433949	140194.15281825	0.000000000	0	0	0	140194.152818246	-3013.107016616	-5022.390724538	0	0	0.0000000	752.007396626
2020-06-01	350	2069.687535074	100	0	50	752.007396626	0	0	0	0	0	3321.694931700	0.000000000	0	300	0	0	0	0	300.000000000	19846.137692303	24544.697619842	107727.351149433	0	152118.186461578	139957.33221228	0.000000000	0	0	0	139957.332212282	-3021.694931700	-8402.137022644	0	0	0.0000000	752.007396626
2020-07-01	350	2078.311233136	100	0	50	752.007396626	0	0	0	0	0	3330.318629762	0.000000000	0	300	0	0	0	0	300.000000000	12804.791572111	24442.428046426	107278.487186310	0	144525.706804847	139719.64133573	10000.000000000	0	0	0	149719.641335730	-3030.318629762	-28787.244432585	0	7000	0.0000000	752.007396626
2020-08-01	350	2086.970863274	100	0	50	940.211380322	0	0	0	0	0	3527.182243596	0.000000000	0	300	0	0	0	0	300.000000000	12778.114923002	24340.584596233	106831.493489700	0	143950.193008935	139481.07699051	9852.537254141	0	0	0	149333.614244651	-3227.182243596	-32203.913381014	0	0	0.0000000	940.211380322
2020-09-01	350	2095.666575205	100	0	50	940.211380322	0	0	0	0	0	3535.877955526	0.000000000	0	300	0	0	0	0	300.000000000	12751.493850246	24239.165493749	106386.362266827	0	143377.021610821	139241.63596679	9704.473726802	0	0	0	148946.109693594	-3235.877955526	-35625.458183597	0	0	0.0000000	940.211380322
2020-10-01	350	2104.398519268	100	0	50	940.211380322	0	0	0	0	0	3544.609899590	0.000000000	0	300	0	0	0	0	300.000000000	12724.928238058	24138.168970858	105943.085757382	0	142806.182966297	139001.31504295	9555.806970324	0	0	0	148557.122013273	-3244.609899590	-39051.919047390	0	0	0.0000000	940.211380322
2020-11-01	350	2113.166846432	100	0	50	940.211380322	0	0	0	0	0	3553.378226753	0.000000000	0	300	0	0	0	0	300.000000000	12698.417970895	24037.593266813	105501.656233392	0	142237.667471100	138760.11098552	9406.534527079	0	0	0	148166.645512594	-3253.378226753	-42483.336268661	0	0	0.0000000	940.211380322
2020-12-01	350	2121.971708292	100	0	50	940.211380322	0	0	0	0	0	3562.183088613	0.000000000	0	300	0	0	0	0	300.000000000	12671.962933456	23937.436628201	105062.065999087	0	141671.465560744	138518.02054914	9256.653929422	0	0	0	147774.674478566	-3262.183088613	-45919.750233604	0	0	0.0000000	940.211380322
2021-01-01	350	2130.813257076	100	0	50	940.211380322	0	0	0	0	0	3571.024637398	0.000000000	0	300	0	0	0	0	300.000000000	12645.563010678	23837.697308917	104624.307390757	0	141107.567710352	138275.04047656	9106.162699657	0	0	0	147381.203176219	-3271.024637398	-49361.201419047	0	0	0.0000000	940.211380322
2021-02-01	350	2139.691645647	100	0	50	940.211380322	0	0	0	0	0	3579.903025969	0.000000000	0	300	0	0	0	0	300.000000000	12619.218087739	23738.373570130	104188.372776629	0	140545.964434498	138031.16749853	8955.058349994	0	0	0	146986.225848519	-3279.903025969	-52807.730393170	0	0	0.0000000	940.211380322
2021-03-01	350	2148.607027504	100	0	50	940.211380322	0	0	0	0	0	3588.818407826	0.000000000	0	300	0	0	0	0	300.000000000	12592.928050056	23639.463680254	103754.254556726	0	139986.646287037	137786.39833378	8803.338382506	0	0	0	146589.736716282	-3288.818407826	-56259.377816220	0	0	0.0000000	940.211380322
2021-04-01	350	2157.559556786	100	0	50	940.211380322	0	0	0	0	0	3597.770937107	0.000000000	0	300	0	0	0	0	300.000000000	12566.692783285	23540.965914920	103321.945162740	0	139429.603860945	137540.72968900	8651.000289090	0	0	0	146191.729978090	-3297.770937107	-59716.184441226	0	0	0.0000000	940.211380322
2021-05-01	350	2166.549388272	100	0	50	940.211380322	0	0	0	0	0	3606.760768594	0.000000000	0	300	0	0	0	0	300.000000000	12540.512173320	23442.878556941	102891.437057895	0	138874.827788156	137294.15825878	8498.041551425	0	0	0	145792.199810202	-3306.760768594	-63178.191114721	0	0	0.0000000	940.211380322
2021-06-01	350	2175.576677390	100	0	50	940.211380322	0	0	0	0	0	3615.788057712	0.000000000	0	300	0	0	0	0	300.000000000	12514.386106292	23345.199896287	102462.722736821	0	138322.308739400	137046.68072555	8344.459640928	0	0	0	145391.140366474	-3315.788057712	-66645.438777461	0	0	0.0000000	940.211380322
2021-07-01	350	2184.641580212	100	0	50	940.211380322	0	0	0	0	0	3624.852960534	0.000000000	0	300	0	0	0	0	300.000000000	12488.314468571	23247.928230052	102035.794725417	0	137772.037424041	136798.29375955	8190.252018717	0	0	0	144988.545778266	-3324.852960534	-70117.968465146	0	0	0.0000000	940.211380322
2021-08-01	350	2193.744253463	100	0	50	940.211380322	0	0	0	0	0	3633.955633785	0.000000000	0	300	0	0	0	0	300.000000000	12462.297146761	23151.061862427	101610.645580728	0	137224.004589917	136548.99401879	8035.416135565	0	0	0	144584.410154359	-3333.955633785	-73595.821309149	0	0	0.0000000	940.211380322
2021-09-01	350	2202.884854519	100	0	50	940.211380322	0	0	0	0	0	3643.096234841	0.000000000	0	300	0	0	0	0	300.000000000	12436.334027706	23054.599104667	101187.267890808	0	136678.201023181	136298.77814901	7879.949431859	0	0	0	144178.727580868	-3343.096234841	-77079.038537234	0	0	0.0000000	940.211380322
2021-10-01	350	2212.063541413	100	0	50	940.211380322	0	0	0	0	0	3652.274921735	0.000000000	0	300	0	0	0	0	300.000000000	12410.424998481	22958.538275064	100765.654274597	0	136134.617548142	136047.64278359	7723.849337558	0	0	0	143771.492121150	-3352.274921735	-80567.661474290	0	0	0.0000000	940.211380322
2021-11-01	350	2221.280472836	100	0	50	940.211380322	0	0	0	0	0	3661.491853157	0.000000000	0	300	0	0	0	0	300.000000000	12384.569946401	22862.877698918	100345.797381786	0	135593.245027105	135795.58454357	7567.113272150	0	0	0	143362.697815725	-3361.491853157	-84061.731543059	0	0	0.0000000	940.211380322
2021-12-01	350	2230.535808139	100	0	50	940.211380322	0	0	0	0	0	3670.747188461	0.000000000	0	300	0	0	0	0	300.000000000	12358.768759013	22767.615708506	99927.689892695	0	135054.074360214	135542.60003757	7409.738644610	0	0	0	142952.338682177	-3370.747188461	-87561.290264864	0	0	0.0000000	940.211380322
2022-01-01	350	2239.829707340	100	0	50	940.211380322	0	0	0	0	0	3680.041087662	0.000000000	0	300	0	0	0	0	300.000000000	12333.021324098	22672.750643054	99511.324518142	0	134517.096485294	135288.68586172	7251.722853357	0	0	0	142540.408715076	-3380.041087662	-91066.379260344	0	0	0.0000000	940.211380322
2022-02-01	350	2249.162331121	100	0	50	940.211380322	0	0	0	0	0	3689.373711442	0.000000000	0	300	0	0	0	0	300.000000000	12307.327529673	22578.280848708	99096.693999317	0	133982.302377697	135033.83859967	7093.063286211	0	0	0	142126.901885881	-3389.373711442	-94577.040250188	0	0	0.0000000	940.211380322
2022-03-01	350	2258.533840834	100	0	50	940.211380322	0	0	0	0	0	3698.745221155	0.000000000	0	300	0	0	0	0	300.000000000	12281.687263986	22484.204678505	98683.791107653	0	133449.683050144	134778.05482251	6933.757320348	0	0	0	141711.812142856	-3398.745221155	-98093.315055871	0	0	0.0000000	940.211380322
2022-04-01	350	2267.944398504	100	0	50	940.211380322	0	0	0	0	0	3708.155778825	0.000000000	0	300	0	0	0	0	300.000000000	12256.100415519	22390.520492345	98272.608644704	0	132919.229552568	134521.33108872	6773.802322262	0	0	0	141295.133410977	-3408.155778825	-101615.245600394	0	0	0.0000000	940.211380322
2022-05-01	350	2277.394166831	100	0	50	940.211380322	0	0	0	0	0	3717.605547152	0.000000000	0	300	0	0	0	0	300.000000000	12230.566872987	22297.226656960	97863.139442018	0	132390.932971965	134263.66394413	6613.195647713	0	0	0	140876.859591847	-3417.605547152	-105142.873909019	0	0	0.0000000	940.211380322
2022-06-01	350	2286.883309193	100	0	50	940.211380322	0	0	0	0	0	3727.094689514	0.000000000	0	300	0	0	0	0	300.000000000	12205.086525335	22204.321545889	97455.376361009	0	131864.784432234	134005.04992191	6451.934641692	0	0	0	140456.984563598	-3427.094689514	-108676.242110016	0	0	0.0000000	940.211380322
2022-07-01	350	2296.411989648	100	0	50	940.211380322	0	0	0	0	0	3736.623369969	0.000000000	0	300	0	0	0	0	300.000000000	12179.659261741	22111.803539448	97049.312292839	0	131340.775094027	133745.48554244	6290.016638371	0	0	0	140035.502180810	-3436.623369969	-112215.392435403	0	0	0.0000000	940.211380322
2022-08-01	350	2305.980372938	100	0	50	940.211380322	0	0	0	0	0	3746.191753259	0.000000000	0	300	0	0	0	0	300.000000000	12154.284971612	22019.671024700	96644.940158285	0	130818.896154597	133484.96731335	6127.438961061	0	0	0	139612.406274412	-3446.191753259	-115760.367221694	0	0	0.0000000	940.211380322
2022-09-01	350	2315.588624492	100	0	50	940.211380322	0	0	0	0	0	3755.800004813	0.000000000	0	300	0	0	0	0	300.000000000	12128.963544588	21927.922395431	96242.252907626	0	130299.138847644	133223.49172942	5964.198922169	0	0	0	139187.690651594	-3455.800004813	-119311.208910643	0	0	0.0000000	940.211380322
2022-10-01	350	2325.236910427	100	0	50	940.211380322	0	0	0	0	0	3765.448290749	0.000000000	0	300	0	0	0	0	300.000000000	12103.694870537	21836.556052116	95841.243520511	0	129781.494443163	132961.05527257	5800.293823153	0	0	0	138761.349095718	-3465.448290749	-122867.960049996	0	0	0.0000000	940.211380322
2022-11-01	350	2334.925397554	100	0	50	940.211380322	0	0	0	0	0	3775.136777875	0.000000000	0	300	0	0	0	0	300.000000000	12078.478839556	21745.570401899	95441.905005842	0	129265.954247297	132697.65441175	5635.720954475	0	0	0	138333.375366221	-3475.136777875	-126430.663294241	0	0	0.0000000	940.211380322
2022-12-01	350	2344.654253377	100	0	50	940.211380322	0	0	0	0	0	3784.865633699	0.000000000	0	300	0	0	0	0	300.000000000	12053.315341974	21654.963858558	95044.230401651	0	128752.509602183	132433.28560297	5470.477595558	0	0	0	137903.763198527	-3484.865633699	-129999.361405359	0	0	0.0000000	940.211380322
2023-01-01	350	2354.423646099	100	0	50	940.211380322	0	0	0	0	0	3794.635026421	0.000000000	0	300	0	0	0	0	300.000000000	192028.204268345	21564.734842481	94648.212774977	0	308241.151885803	132167.94528921	5304.561014742	0	0	0	137472.506303949	-3494.635026421	46425.902746417	180000	0	0.0000000	940.211380322
2023-02-01	350	2364.233744625	100	0	50	940.211380322	0	0	0	0	0	3804.445124946	0.000000000	0	300	0	0	0	0	300.000000000	191628.145509452	21474.881780637	94253.845221748	0	307356.872511837	132167.94528921	5137.968469239	0	0	0	137305.913758446	-3504.445124946	42203.770793009	0	0	0.0000000	940.211380322
2023-03-01	350	2374.084718561	100	0	50	188.203983696	0	0	0	0	1500	4562.288702256	0.000000000	0	300	0	0	0	0	300.000000000	59060.974917100	21385.403106551	93861.120866657	0	174307.498890309	0.00000000	4970.697205083	0	0	0	4970.697205083	-4262.288702256	37227.325022587	0	0	132167.9452892	188.203983696
2023-04-01	350	2383.976738221	100	0	50	188.203983696	0	0	0	0	0	3072.180721917	0.000000000	0	300	0	0	0	0	300.000000000	58937.931219356	21296.297260274	93470.032863046	0	173704.261342676	0.00000000	4802.744457092	0	0	0	4802.744457092	-2772.180721917	34019.859501029	0	0	0.0000000	188.203983696
2023-05-01	350	2393.909974631	100	0	50	188.203983696	0	0	0	0	0	3082.113958326	0.000000000	0	300	0	0	0	0	300.000000000	58815.143862649	21207.562688356	93080.574392784	0	173103.280943789	0.00000000	4634.107448816	0	0	0	4634.107448816	-2782.113958326	30805.402152091	0	0	0.0000000	188.203983696
2023-06-01	350	2403.884599525	100	0	50	188.203983696	0	0	0	0	0	3092.088583220	0.000000000	0	300	0	0	0	0	300.000000000	58692.612312936	21119.197843821	92692.738666147	0	172504.548822904	0.00000000	4464.783392494	0	0	0	4464.783392494	-2792.088583220	27583.905504308	0	0	0.0000000	188.203983696
2023-07-01	350	2413.900785356	800	0	50	188.203983696	0	0	0	0	0	3802.104769052	1400.000000000	0	300	0	0	0	0	1700.000000000	58570.336037284	21031.201186138	92306.518921705	0	171908.056145127	0.00000000	4294.769489006	0	0	0	4294.769489006	-2102.104769052	25055.321960967	0	0	0.0000000	188.203983696
2023-08-01	350	2423.958705295	800	0	50	188.203983696	0	0	0	0	0	3812.162688991	1400.000000000	0	300	0	0	0	0	1700.000000000	58448.314503873	20943.571181196	91921.908426198	0	171313.794111267	0.00000000	4124.062927831	0	0	0	4124.062927831	-2112.162688991	22519.603799291	0	0	0.0000000	188.203983696
2023-09-01	350	2434.058533234	800	0	50	188.203983696	0	0	0	0	0	3822.262516930	1400.000000000	0	300	0	0	0	0	1700.000000000	58326.547181990	20856.306301275	91538.900474422	0	170721.753957686	0.00000000	3952.660886995	0	0	0	3952.660886995	-2122.262516930	19976.703169617	0	0	0.0000000	188.203983696
2023-10-01	350	2444.200443789	800	0	50	188.203983696	0	0	0	0	0	3832.404427485	1400.000000000	0	300	0	0	0	0	1700.000000000	58205.033542027	20769.405025019	91157.488389112	0	170131.926956158	0.00000000	3780.560533028	0	0	0	3780.560533028	-2132.404427485	17426.572094571	0	0	0.0000000	188.203983696
2023-11-01	350	2454.384612305	800	0	50	188.203983696	0	0	0	0	0	3842.588596000	1400.000000000	0	300	0	0	0	0	1700.000000000	58083.773055481	20682.865837415	90777.665520824	0	169544.304413720	0.00000000	3607.759020916	0	0	0	3607.759020916	-2142.588596000	14869.162468245	0	0	0.0000000	188.203983696
2023-12-01	350	2464.611214856	800	0	50	188.203983696	0	0	0	0	0	3852.815198552	1400.000000000	0	300	0	0	0	0	1700.000000000	57962.765194949	20596.687229759	90399.425247820	0	168958.877672528	0.00000000	3434.253494053	0	0	0	3434.253494053	-2152.815198552	12304.426055365	0	0	0.0000000	188.203983696
2024-01-01	350	2474.880428251	800	0	50	188.203983696	0	0	0	0	0	3863.084411947	1400.000000000	0	300	0	0	0	0	1700.000000000	57842.009434126	20510.867699635	90022.760975955	0	168375.638109716	0.00000000	3260.041084197	0	0	0	3260.041084197	-2163.084411947	9732.314490461	0	0	0.0000000	188.203983696
2024-02-01	350	2485.192430036	800	0	50	188.203983696	0	0	0	0	0	3873.396413731	1400.000000000	0	300	0	0	0	0	1700.000000000	57721.505247805	20425.405750887	89647.666138555	0	167794.577137246	0.00000000	3085.118911418	0	0	0	3085.118911418	-2173.396413731	7152.779277039	0	0	0.0000000	188.203983696
2024-03-01	350	2495.547398494	800	0	50	188.203983696	0	0	0	0	0	3883.751382190	1400.000000000	0	300	0	0	0	0	1700.000000000	57601.252111872	20340.299893591	89274.134196311	0	167215.686201774	0.00000000	2909.484084055	0	0	0	2909.484084055	-2183.751382190	4565.771786740	0	0	0.0000000	188.203983696
2024-04-01	350	2505.945512655	800	0	50	188.203983696	0	0	0	0	0	3894.149496350	1400.000000000	0	300	0	0	0	0	1700.000000000	57481.249503306	20255.548644035	88902.158637159	0	166638.956784500	0.00000000	2733.133698664	0	0	0	2733.133698664	-2194.149496350	1971.243258506	0	0	0.0000000	188.203983696
2024-05-01	350	2516.386952291	800	0	50	188.203983696	0	0	0	0	0	3904.590935986	1400.000000000	0	300	0	0	0	0	1700.000000000	57361.496900174	20171.150524684	88531.732976171	0	166064.380401030	0.00000000	2556.064839974	0	0	0	2556.064839974	-2204.590935986	-630.855202260	0	0	0.0000000	188.203983696
2024-06-01	350	2526.871897925	800	0	50	188.203983696	0	0	0	0	0	3915.075881621	1400.000000000	0	300	0	0	0	0	1700.000000000	57241.993781632	20087.104064165	88162.850755437	0	165491.948601234	0.00000000	2378.274580836	0	0	0	2378.274580836	-2215.075881621	-3240.572624538	0	0	0.0000000	188.203983696
2024-07-01	350	2537.400530833	800	0	50	188.203983696	0	0	0	0	0	3925.604514529	1400.000000000	0	300	0	0	0	0	1700.000000000	57122.739627920	20003.407797231	87795.505543956	0	164921.652969107	0.00000000	2199.759982174	0	0	0	2199.759982174	-2225.604514529	-5857.958172532	0	0	0.0000000	188.203983696
2024-08-01	350	2547.973033045	800	0	50	188.203983696	0	0	0	0	0	3936.177016741	1400.000000000	0	300	0	0	0	0	1700.000000000	57003.733920362	19920.060264742	87429.690937523	0	164353.485122627	0.00000000	2020.518092940	0	0	0	2020.518092940	-2236.177016741	-8483.061146518	0	0	0.0000000	188.203983696
2024-09-01	350	2558.589587349	800	0	50	188.203983696	0	0	0	0	0	3946.793571045	1400.000000000	0	300	0	0	0	0	1700.000000000	56884.976141361	19837.060013639	87065.400558617	0	163787.436713617	0.00000000	1840.545950062	0	0	0	1840.545950062	-2246.793571045	-11115.930983696	0	0	0.0000000	188.203983696
2024-10-01	350	2569.250377297	800	0	50	188.203983696	0	0	0	0	0	3957.454360992	1400.000000000	0	300	0	0	0	0	1700.000000000	56766.465774400	19754.405596916	86702.628056289	0	163223.499427605	0.00000000	1659.840578397	0	0	0	1659.840578397	-2257.454360992	-13756.617259035	0	0	0.0000000	188.203983696
2024-11-01	350	2579.955587202	800	0	50	188.203983696	0	0	0	0	0	3968.159570898	1400.000000000	0	300	0	0	0	0	1700.000000000	56648.202304037	19672.095573595	86341.367106055	0	162661.664983687	0.00000000	1478.398990679	0	0	0	1478.398990679	-2268.159570898	-16405.169686133	0	0	0.0000000	188.203983696
2024-12-01	350	2590.705402149	100	0	50	188.203983696	0	0	0	0	0	3278.909385844	1400.000000000	0	400	0	0	0	0	1800.000000000	56530.185215903	19590.128508705	85981.611409779	0	162101.925134388	0.00000000	1296.218187473	0	0	0	1296.218187473	-1478.909385844	-18261.638118070	0	0	0.0000000	188.203983696
2025-01-01	350	2601.500007991	100	0	50	188.203983696	0	0	0	0	0	3289.703991687	1400.000000000	0	400	0	0	0	0	1800.000000000	56412.413996703	19508.502973253	85623.354695572	0	161544.271665528	0.00000000	1113.295157124	0	0	0	1113.295157124	-1489.703991687	-20126.072548268	0	0	0.0000000	188.203983696
2025-02-01	350	2612.339591358	100	0	50	188.203983696	0	0	0	0	0	3300.543575053	1400.000000000	0	400	0	0	0	0	1800.000000000	56294.888134210	19427.217544197	85266.590717674	0	160988.696396081	0.00000000	929.626875706	0	0	0	929.626875706	-1500.543575053	-21998.523111350	0	0	0.0000000	188.203983696
2025-03-01	350	2623.224339655	100	0	50	188.203983696	0	0	0	0	0	3311.428323351	1400.000000000	0	400	0	0	0	0	1800.000000000	56177.607117264	19346.270804430	84911.313256350	0	160435.191178044	0.00000000	745.210306975	0	0	0	745.210306975	-1511.428323351	-23879.040084006	0	0	0.0000000	188.203983696
2025-04-01	350	2634.154441070	100	0	50	188.203983696	0	0	0	0	0	3322.358424766	1400.000000000	0	400	0	0	0	0	1800.000000000	56060.570435770	19265.661342745	84557.516117782	0	159883.747896296	0.00000000	560.042402315	0	0	0	560.042402315	-1522.358424766	-25767.673885860	0	0	0.0000000	188.203983696
2025-05-01	350	2645.130084575	100	0	50	188.203983696	0	0	0	0	0	3333.334068270	1400.000000000	0	400	0	0	0	0	1800.000000000	55943.777580695	19185.387753817	84205.193133958	0	159334.358468470	0.00000000	374.120100690	0	0	0	374.120100690	-1533.334068270	-27664.475080332	0	0	0.0000000	188.203983696
2025-06-01	350	2656.151459927	100	0	50	188.203983696	0	0	0	0	0	3344.355443623	1400.000000000	0	400	0	0	0	0	1800.000000000	55827.228044069	19105.448638176	83854.338162566	0	158787.014844811	0.00000000	187.440328595	0	0	0	187.440328595	-1544.355443623	-29569.494375518	0	0	0.0000000	188.203983696
2025-07-01	350	2667.218757677	100	0	50	188.203983696	0	0	0	0	0	3355.422741372	1400.000000000	0	400	0	0	0	0	1800.000000000	55710.921318977	19025.842602183	83504.945086889	0	158241.709008049	0.00000000	0.000000000	0	0	0	0.000000000	-1555.422741372	-31482.782625058	0	0	0.0000000	188.203983696
2025-08-01	350	2678.332169167	100	0	50	0.000000000	0	0	0	0	0	3178.332169167	1400.000000000	0	400	0	0	0	0	1800.000000000	55594.856899562	18946.568258008	83157.007815694	0	157698.432973264	0.00000000	0.000000000	0	0	0	0.000000000	-1378.332169167	-33404.390829010	0	0	0.0000000	0.000000000
2025-09-01	350	2689.491886539	100	0	50	0.000000000	0	0	0	0	0	3189.491886539	1400.000000000	0	400	0	0	0	0	1800.000000000	55479.034281022	18867.624223599	82810.520283128	0	157157.178787749	0.00000000	0.000000000	0	0	0	0.000000000	-1389.491886539	-35335.136901064	0	0	0.0000000	0.000000000
2025-10-01	350	2700.698102733	100	0	50	0.000000000	0	0	0	0	0	3200.698102733	1400.000000000	0	400	0	0	0	0	1800.000000000	55363.452959603	18789.009122667	82465.476448615	0	156617.938530886	0.00000000	0.000000000	0	0	0	0.000000000	-1400.698102733	-37275.075260660	0	0	0.0000000	0.000000000
2025-11-01	350	2711.951011494	100	0	50	0.000000000	0	0	0	0	0	3211.951011494	1400.000000000	0	400	0	0	0	0	1800.000000000	55248.112432604	18710.721584656	82121.870296746	0	156080.704314006	0.00000000	0.000000000	0	0	0	0.000000000	-1411.951011494	-39224.260489033	0	0	0.0000000	0.000000000
2025-12-01	350	2723.250807375	100	0	50	0.000000000	0	0	0	0	0	3223.250807375	1400.000000000	0	400	0	0	0	0	1800.000000000	55133.012198369	18632.760244720	81779.695837176	0	155545.468280266	0.00000000	0.000000000	0	0	0	0.000000000	-1423.250807375	-41182.747330149	0	0	0.0000000	0.000000000
2026-01-01	350	2734.597685739	100	0	50	0.000000000	0	0	0	0	0	3234.597685739	1400.000000000	0	400	0	0	0	0	1800.000000000	55018.151756289	18555.123743701	81438.947104521	0	155012.222604511	0.00000000	0.000000000	0	0	0	0.000000000	-1434.597685739	-43150.590691643	0	0	0.0000000	0.000000000
2026-02-01	350	2745.991842763	100	0	50	0.000000000	0	0	0	0	0	3245.991842763	1400.000000000	0	400	0	0	0	0	1800.000000000	54903.530606797	18477.810728102	81099.618158253	0	154480.959493151	0.00000000	0.000000000	0	0	0	0.000000000	-1445.991842763	-45127.845645766	0	0	0.0000000	0.000000000
2026-03-01	350	2757.433475441	100	0	50	0.000000000	0	0	0	0	0	3257.433475441	1400.000000000	0	400	0	0	0	0	1800.000000000	54789.148251366	18400.819850068	80761.703082593	0	153951.671184027	0.00000000	0.000000000	0	0	0	0.000000000	-1457.433475441	-47114.567430331	0	0	0.0000000	0.000000000
2026-04-01	350	2768.922781589	100	0	50	0.000000000	0	0	0	0	0	3268.922781589	1400.000000000	0	400	0	0	0	0	1800.000000000	54675.004192509	18324.149767360	80425.195986416	0	153424.349946284	0.00000000	0.000000000	0	0	0	0.000000000	-1468.922781589	-49110.811449663	0	0	0.0000000	0.000000000
2026-05-01	350	2780.459959846	100	0	50	0.000000000	0	0	0	0	0	3280.459959846	1400.000000000	0	400	0	0	0	0	1800.000000000	54561.097933775	18247.799143329	80090.091003139	0	152898.988080242	0.00000000	0.000000000	0	0	0	0.000000000	-1480.459959846	-51116.633275550	0	0	0.0000000	0.000000000
2026-06-01	350	2792.045209678	100	0	50	0.000000000	0	0	0	0	0	3292.045209678	1400.000000000	0	400	0	0	0	0	1800.000000000	54447.428979746	18171.766646898	79756.382290626	0	152375.577917270	0.00000000	0.000000000	0	0	0	0.000000000	-1492.045209678	-53132.088648201	0	0	0.0000000	0.000000000
2026-07-01	350	2803.678731385	100	0	50	0.000000000	0	0	0	0	0	3303.678731385	1400.000000000	0	400	0	0	0	0	1800.000000000	54333.996836038	18096.050952536	79424.064031082	0	151854.111819656	0.00000000	0.000000000	0	0	0	0.000000000	-1503.678731385	-55157.233477201	0	0	0.0000000	0.000000000
2026-08-01	350	2815.360726099	100	0	50	0.000000000	0	0	0	0	0	3315.360726099	1400.000000000	0	400	0	0	0	0	1800.000000000	54220.801009296	18020.650740234	79093.130430952	0	151334.582180482	0.00000000	0.000000000	0	0	0	0.000000000	-1515.360726099	-57192.123842474	0	0	0.0000000	0.000000000
2026-09-01	350	2827.091395792	100	0	50	0.000000000	0	0	0	0	0	3327.091395792	1400.000000000	0	400	0	0	0	0	1800.000000000	54107.841007194	17945.564695483	78763.575720823	0	150816.981423500	0.00000000	0.000000000	0	0	0	0.000000000	-1527.091395792	-59236.815995248	0	0	0.0000000	0.000000000
2026-10-01	350	2838.870943274	100	0	50	0.000000000	0	0	0	0	0	3338.870943274	1400.000000000	0	400	0	0	0	0	1800.000000000	53995.116338429	17870.791509252	78435.394155320	0	150301.302003000	0.00000000	0.000000000	0	0	0	0.000000000	-1538.870943274	-61291.366359021	0	0	0.0000000	0.000000000
2026-11-01	350	2850.699572204	100	0	50	0.000000000	0	0	0	0	0	3350.699572204	1400.000000000	0	400	0	0	0	0	1800.000000000	53882.626512724	17796.329877963	78108.580013006	0	149787.536403693	0.00000000	0.000000000	0	0	0	0.000000000	-1550.699572204	-63355.831530533	0	0	0.0000000	0.000000000
2026-12-01	350	2862.577487088	100	0	50	0.000000000	0	0	0	0	0	3362.577487088	1400.000000000	0	400	0	0	0	0	1800.000000000	53770.371040822	17722.178503472	77783.127596285	0	149275.677140579	0.00000000	0.000000000	0	0	0	0.000000000	-1562.577487088	-65430.268280735	0	0	0.0000000	0.000000000
2027-01-01	350	2874.504893285	100	0	50	0.000000000	0	0	0	0	0	3374.504893285	1400.000000000	0	400	0	0	0	0	1800.000000000	53658.349434487	17648.336093041	77459.031231300	0	148765.716758828	0.00000000	0.000000000	0	0	0	0.000000000	-1574.504893285	-67514.733555771	0	0	0.0000000	0.000000000
2027-02-01	350	2886.481997007	100	0	50	0.000000000	0	0	0	0	0	3386.481997007	1400.000000000	0	400	0	0	0	0	1800.000000000	53546.561206499	17574.801359320	77136.285267837	0	148257.647833655	0.00000000	0.000000000	0	0	0	0.000000000	-1586.481997007	-69609.284477951	0	0	0.0000000	0.000000000
2027-03-01	350	2898.509005328	100	0	50	0.000000000	0	0	0	0	0	3398.509005328	1400.000000000	0	400	0	0	0	0	1800.000000000	53435.005870652	17501.573020322	76814.884079221	0	147751.462970195	0.00000000	0.000000000	0	0	0	0.000000000	-1598.509005328	-71713.978346738	0	0	0.0000000	0.000000000
2027-04-01	350	2910.586126183	100	0	50	0.000000000	0	0	0	0	0	3410.586126183	1400.000000000	0	400	0	0	0	0	1800.000000000	53323.682941755	17428.649799404	76494.822062224	0	147247.154803383	0.00000000	0.000000000	0	0	0	0.000000000	-1610.586126183	-73828.872639733	0	0	0.0000000	0.000000000
2027-05-01	350	2922.713568376	100	0	50	0.000000000	0	0	0	0	0	3422.713568376	1400.000000000	0	400	0	0	0	0	1800.000000000	53212.591935626	17356.030425240	76176.093636965	0	146744.715997831	0.00000000	0.000000000	0	0	0	0.000000000	-1622.713568376	-75954.025013661	0	0	0.0000000	0.000000000
2027-06-01	350	2934.891541577	100	0	50	0.000000000	0	0	0	0	0	3434.891541577	1400.000000000	0	400	0	0	0	0	1800.000000000	53101.732369093	17283.713631802	75858.693246811	0	146244.139247706	0.00000000	0.000000000	0	0	0	0.000000000	-1634.891541577	-78089.493305363	0	0	0.0000000	0.000000000
2027-07-01	350	2947.120256334	100	0	50	0.000000000	0	0	0	0	0	3447.120256334	1400.000000000	0	400	0	0	0	0	1800.000000000	52991.103759991	17211.698158336	75542.615358282	0	145745.417276609	0.00000000	0.000000000	0	0	0	0.000000000	-1647.120256334	-80235.335532793	0	0	0.0000000	0.000000000
2027-08-01	350	2959.399924068	100	0	50	0.000000000	0	0	0	0	0	3459.399924068	1400.000000000	0	400	0	0	0	0	1800.000000000	52880.705627158	17139.982749343	75227.854460956	0	145248.542837457	0.00000000	0.000000000	0	0	0	0.000000000	-1659.399924068	-82391.609896014	0	0	0.0000000	0.000000000
2027-09-01	350	2971.730757085	100	0	50	0.000000000	0	0	0	0	0	3471.730757085	1400.000000000	0	400	0	0	0	0	1800.000000000	52770.537490434	17068.566154554	74914.405067369	0	144753.508712357	0.00000000	0.000000000	0	0	0	0.000000000	-1671.730757085	-84558.374778199	0	0	0.0000000	0.000000000
2027-10-01	350	2984.112968573	100	0	50	0.000000000	0	0	0	0	0	3484.112968573	1400.000000000	0	400	0	0	0	0	1800.000000000	52660.598870663	16997.447128910	74602.261712921	0	144260.307712494	0.00000000	0.000000000	0	0	0	0.000000000	-1684.112968573	-86735.688746635	0	0	0.0000000	0.000000000
2027-11-01	350	2996.546772609	100	0	50	0.000000000	0	0	0	0	0	3496.546772609	1400.000000000	0	400	0	0	0	0	1800.000000000	52550.889289682	16926.624432540	74291.418955784	0	143768.932678006	0.00000000	0.000000000	0	0	0	0.000000000	-1696.546772609	-88923.610553732	0	0	0.0000000	0.000000000
2027-12-01	350	3009.032384161	100	0	50	0.000000000	0	0	0	0	0	3509.032384161	1400.000000000	0	400	0	0	0	0	1800.000000000	52441.408270329	16856.096830737	73981.871376802	0	143279.376477868	0.00000000	0.000000000	0	0	0	0.000000000	-1709.032384161	-91122.199138032	0	0	0.0000000	0.000000000
2028-01-01	350	3021.570019095	100	0	50	0.000000000	0	0	0	0	0	3521.570019095	1400.000000000	0	400	0	0	0	0	1800.000000000	52332.155336432	16785.863093943	73673.613579399	0	142791.632009773	0.00000000	0.000000000	0	0	0	0.000000000	-1721.570019095	-93331.513625222	0	0	0.0000000	0.000000000
2028-02-01	350	3034.159894175	100	0	50	0.000000000	0	0	0	0	0	3534.159894175	1400.000000000	0	400	0	0	0	0	1800.000000000	52223.130012815	16715.921997718	73366.640189484	0	142305.692200017	0.00000000	0.000000000	0	0	0	0.000000000	-1734.159894175	-95551.613329154	0	0	0.0000000	0.000000000
2028-03-01	350	3046.802227067	100	0	50	0.000000000	0	0	0	0	0	3546.802227067	1400.000000000	0	400	0	0	0	0	1800.000000000	52114.331825288	16646.272322727	73060.945855362	0	141821.550003377	0.00000000	0.000000000	0	0	0	0.000000000	-1746.802227067	-97782.557752861	0	0	0.0000000	0.000000000
2028-04-01	350	3059.497236347	100	0	50	0.000000000	0	0	0	0	0	3559.497236347	1400.000000000	0	400	0	0	0	0	1800.000000000	52005.760300652	16576.912854716	72756.525247631	0	141339.198402999	0.00000000	0.000000000	0	0	0	0.000000000	-1759.497236347	-100024.406589586	0	0	0.0000000	0.000000000
2028-05-01	350	3072.245141498	100	0	50	0.000000000	0	0	0	0	0	3572.245141498	1400.000000000	0	400	0	0	0	0	1800.000000000	51897.414966692	16507.842384488	72453.373059099	0	140858.630410279	0.00000000	0.000000000	0	0	0	0.000000000	-1772.245141498	-102277.219723804	0	0	0.0000000	0.000000000
2028-06-01	350	3085.046162921	100	0	50	0.000000000	0	0	0	0	0	3585.046162921	1400.000000000	0	400	0	0	0	0	1800.000000000	51789.295352178	16439.059707886	72151.484004686	0	140379.839064750	0.00000000	0.000000000	0	0	0	0.000000000	-1785.046162921	-104541.057232254	0	0	0.0000000	0.000000000
2028-07-01	350	3097.900521933	100	0	50	0.000000000	0	0	0	0	0	3597.900521933	1400.000000000	0	400	0	0	0	0	1800.000000000	51681.400986861	16370.563625770	71850.852821333	0	139902.817433964	0.00000000	0.000000000	0	0	0	0.000000000	-1797.900521933	-106815.979384973	0	0	0.0000000	0.000000000
2028-08-01	350	3110.808440775	100	0	50	0.000000000	0	0	0	0	0	3610.808440775	1400.000000000	0	400	0	0	0	0	1800.000000000	51573.731401472	16302.352943996	71551.474267911	0	139427.558613379	0.00000000	0.000000000	0	0	0	0.000000000	-1810.808440775	-109102.046646334	0	0	0.0000000	0.000000000
2028-09-01	350	3123.770142611	100	0	50	0.000000000	0	0	0	0	0	3623.770142611	1400.000000000	0	400	0	0	0	0	1800.000000000	51466.286127719	16234.426473396	71253.343125128	0	138954.055726243	0.00000000	0.000000000	0	0	0	0.000000000	-1823.770142611	-111399.319676081	0	0	0.0000000	0.000000000
2028-10-01	350	3136.785851539	100	0	50	0.000000000	0	0	0	0	0	3636.785851539	1400.000000000	0	400	0	0	0	0	1800.000000000	51359.064698286	16166.783029757	70956.454195440	0	138482.301923483	0.00000000	0.000000000	0	0	0	0.000000000	-1836.785851539	-113707.859330380	0	0	0.0000000	0.000000000
2028-11-01	350	3149.855792587	100	0	50	0.000000000	0	0	0	0	0	3649.855792587	1400.000000000	0	400	0	0	0	0	1800.000000000	51252.066646831	16099.421433799	70660.802302959	0	138012.290383590	0.00000000	0.000000000	0	0	0	0.000000000	-1849.855792587	-116027.726662860	0	0	0.0000000	0.000000000
2028-12-01	350	3162.980191723	100	0	50	0.000000000	0	0	0	0	0	3662.980191723	1400.000000000	0	400	0	0	0	0	1800.000000000	51145.291507984	16032.340511158	70366.382293363	0	137544.014312506	0.00000000	0.000000000	0	0	0	0.000000000	-1862.980191723	-118358.982925667	0	0	0.0000000	0.000000000
2029-01-01	350	3176.159275855	100	0	50	0.000000000	0	0	0	0	0	3676.159275855	1400.000000000	0	400	0	0	0	0	1800.000000000	51038.738817342	15965.539092362	70073.189033808	0	137077.466943512	0.00000000	0.000000000	0	0	0	0.000000000	-1876.159275855	-120701.689570515	0	0	0.0000000	0.000000000
2029-02-01	350	3189.393272838	100	0	50	0.000000000	0	0	0	0	0	3689.393272838	1400.000000000	0	400	0	0	0	0	1800.000000000	50932.408111473	15899.016012810	69781.217412833	0	136612.641537117	0.00000000	0.000000000	0	0	0	0.000000000	-1889.393272838	-123055.908249748	0	0	0.0000000	0.000000000
2029-03-01	350	3202.682411474	100	0	50	0.000000000	0	0	0	0	0	3702.682411474	1400.000000000	0	400	0	0	0	0	1800.000000000	50826.298927907	15832.770112757	69490.462340280	0	136149.531380944	0.00000000	0.000000000	0	0	0	0.000000000	-1902.682411474	-125421.700817395	0	0	0.0000000	0.000000000
2029-04-01	350	3216.026921522	100	0	50	0.000000000	0	0	0	0	0	3716.026921522	1400.000000000	0	400	0	0	0	0	1800.000000000	50720.410805141	15766.800237287	69200.918747196	0	135688.129789623	0.00000000	0.000000000	0	0	0	0.000000000	-1916.026921522	-127799.129330238	0	0	0.0000000	0.000000000
2029-05-01	350	3229.427033695	100	0	50	0.000000000	0	0	0	0	0	3729.427033695	1400.000000000	0	400	0	0	0	0	1800.000000000	50614.743282630	15701.105236299	68912.581585749	0	135228.430104677	0.00000000	0.000000000	0	0	0	0.000000000	-1929.427033695	-130188.256048879	0	0	0.0000000	0.000000000
2029-06-01	350	3242.882979669	100	0	50	0.000000000	0	0	0	0	0	3742.882979669	1400.000000000	0	400	0	0	0	0	1800.000000000	50509.295900791	15635.683964481	68625.445829142	0	134770.425694413	0.00000000	0.000000000	0	0	0	0.000000000	-1942.882979669	-132589.143438813	0	0	0.0000000	0.000000000
2029-07-01	350	3256.394992084	100	0	50	0.000000000	0	0	0	0	0	3756.394992084	1400.000000000	0	400	0	0	0	0	1800.000000000	50404.068200998	15570.535281295	68339.506471520	0	134314.109953813	0.00000000	0.000000000	0	0	0	0.000000000	-1956.394992084	-135001.854171497	0	0	0.0000000	0.000000000
2029-08-01	350	3269.963304551	100	0	50	0.000000000	0	0	0	0	0	3769.963304551	1400.000000000	0	400	0	0	0	0	1800.000000000	50299.059725579	15505.658050957	68054.758527889	0	133859.476304424	0.00000000	0.000000000	0	0	0	0.000000000	-1969.963304551	-137426.451125437	0	0	0.0000000	0.000000000
2029-09-01	350	3283.588151654	100	0	50	0.000000000	0	0	0	0	0	3783.588151654	1400.000000000	0	400	0	0	0	0	1800.000000000	50194.270017817	15441.051142411	67771.197034023	0	133406.518194251	0.00000000	0.000000000	0	0	0	0.000000000	-1983.588151654	-139862.997387264	0	0	0.0000000	0.000000000
2029-10-01	350	3297.269768952	100	0	50	0.000000000	0	0	0	0	0	3797.269768952	1400.000000000	0	400	0	0	0	0	1800.000000000	50089.698621947	15376.713429317	67488.817046381	0	132955.229097645	0.00000000	0.000000000	0	0	0	0.000000000	-1997.269768952	-142311.556252822	0	0	0.0000000	0.000000000
2029-11-01	350	3311.008392989	100	0	50	0.000000000	0	0	0	0	0	3811.008392989	1400.000000000	0	400	0	0	0	0	1800.000000000	49985.345083151	15312.643790029	67207.613642021	0	132505.602515201	0.00000000	0.000000000	0	0	0	0.000000000	-2011.008392989	-144772.191228256	0	0	0.0000000	0.000000000
2029-12-01	350	3324.804261294	100	0	50	0.000000000	0	0	0	0	0	3824.804261294	1400.000000000	0	400	0	0	0	0	1800.000000000	49881.208947561	15248.841107570	66927.581918513	0	132057.631973644	0.00000000	0.000000000	0	0	0	0.000000000	-2024.804261294	-147244.966031106	0	0	0.0000000	0.000000000
2030-01-01	350	3338.657612382	100	0	50	0.000000000	0	0	0	0	0	3838.657612382	1400.000000000	0	400	0	0	0	0	1800.000000000	49777.289762254	15185.304269622	66648.716993852	0	131611.311025728	0.00000000	0.000000000	0	0	0	0.000000000	-2038.657612382	-149729.944591405	0	0	0.0000000	0.000000000
2030-02-01	350	3352.568685767	100	0	50	0.000000000	0	0	0	0	0	3852.568685767	1400.000000000	0	400	0	0	0	0	1800.000000000	49673.587075249	15122.032168499	66371.014006378	0	131166.633250126	0.00000000	0.000000000	0	0	0	0.000000000	-2052.568685767	-152227.191052774	0	0	0.0000000	0.000000000
2030-03-01	350	3366.537721958	100	0	50	0.000000000	0	0	0	0	0	3866.537721958	1400.000000000	0	400	0	0	0	0	1800.000000000	49570.100435509	15059.023701130	66094.468114684	0	130723.592251323	0.00000000	0.000000000	0	0	0	0.000000000	-2066.537721958	-154736.769773534	0	0	0.0000000	0.000000000
2030-04-01	350	3380.564962466	100	0	50	0.000000000	0	0	0	0	0	3880.564962466	1400.000000000	0	400	0	0	0	0	1800.000000000	49466.829392935	14996.277769042	65819.074497540	0	130282.181659517	0.00000000	0.000000000	0	0	0	0.000000000	-2080.564962466	-157258.745327807	0	0	0.0000000	0.000000000
2030-05-01	350	3394.650649810	100	0	50	0.000000000	0	0	0	0	0	3894.650649810	1400.000000000	0	400	0	0	0	0	1800.000000000	49363.773498367	14933.793278337	65544.828353800	0	129842.395130504	0.00000000	0.000000000	0	0	0	0.000000000	-2094.650649810	-159793.182506630	0	0	0.0000000	0.000000000
2030-06-01	350	3408.795027517	100	0	50	0.000000000	0	0	0	0	0	3908.795027517	1400.000000000	0	400	0	0	0	0	1800.000000000	49260.932303578	14871.569139678	65271.724902326	0	129404.226345582	0.00000000	0.000000000	0	0	0	0.000000000	-2108.795027517	-162340.146319069	0	0	0.0000000	0.000000000
2030-07-01	350	3422.998340132	100	0	50	0.000000000	0	0	0	0	0	3922.998340132	1400.000000000	0	400	0	0	0	0	1800.000000000	49158.305361279	14809.604268262	64999.759381900	0	128967.669011441	0.00000000	0.000000000	0	0	0	0.000000000	-2122.998340132	-164899.701993342	0	0	0.0000000	0.000000000
2030-08-01	350	3437.260833216	100	0	50	0.000000000	0	0	0	0	0	3937.260833216	1400.000000000	0	400	0	0	0	0	1800.000000000	49055.892225110	14747.897583811	64728.927051142	0	128532.716860063	0.00000000	0.000000000	0	0	0	0.000000000	-2137.260833216	-167471.914977936	0	0	0.0000000	0.000000000
2030-09-01	350	3451.582753354	100	0	50	0.000000000	0	0	0	0	0	3951.582753354	1400.000000000	0	400	0	0	0	0	1800.000000000	48953.692449641	14686.448010545	64459.223188429	0	128099.363648615	0.00000000	0.000000000	0	0	0	0.000000000	-2151.582753354	-170056.850942738	0	0	0.0000000	0.000000000
2030-10-01	350	3465.964348160	100	0	50	0.000000000	0	0	0	0	0	3965.964348160	1400.000000000	0	400	0	0	0	0	1800.000000000	48851.705590371	14625.254477168	64190.643091810	0	127667.603159349	0.00000000	0.000000000	0	0	0	0.000000000	-2165.964348160	-172654.575780164	0	0	0.0000000	0.000000000
2030-11-01	350	3480.405866277	100	0	50	0.000000000	0	0	0	0	0	3980.405866277	1400.000000000	0	400	0	0	0	0	1800.000000000	48749.931203724	14564.315916847	63923.182078928	0	127237.429199498	0.00000000	0.000000000	0	0	0	0.000000000	-2180.405866277	-175265.155606291	0	0	0.0000000	0.000000000
2030-12-01	350	3494.907557387	100	0	50	0.000000000	0	0	0	0	0	3994.907557387	1400.000000000	0	400	0	0	0	0	1800.000000000	48648.368847050	14503.631267193	63656.835486932	0	126808.835601175	0.00000000	0.000000000	0	0	0	0.000000000	-2194.907557387	-177888.656762002	0	0	0.0000000	0.000000000
2031-01-01	350	3509.469672209	100	0	50	0.000000000	0	0	0	0	0	4009.469672209	1400.000000000	0	400	0	0	0	0	1800.000000000	48547.018078618	14443.199470246	63391.598672403	0	126381.816221268	0.00000000	0.000000000	0	0	0	0.000000000	-2209.469672209	-180525.145814118	0	0	0.0000000	0.000000000
2031-02-01	350	3524.092462510	100	0	50	0.000000000	0	0	0	0	0	4024.092462510	1400.000000000	0	400	0	0	0	0	1800.000000000	48445.878457621	14383.019472454	63127.467011268	0	125956.364941343	0.00000000	0.000000000	0	0	0	0.000000000	-2224.092462510	-183174.689556552	0	0	0.0000000	0.000000000
2031-03-01	350	3538.776181104	100	0	50	0.000000000	0	0	0	0	0	4038.776181104	1400.000000000	0	400	0	0	0	0	1800.000000000	48344.949544168	14323.090224652	62864.435898721	0	125532.475667541	0.00000000	0.000000000	0	0	0	0.000000000	-2238.776181104	-185837.355011458	0	0	0.0000000	0.000000000
2031-04-01	350	3553.521081858	100	0	50	0.000000000	0	0	0	0	0	4053.521081858	1400.000000000	0	400	0	0	0	0	1800.000000000	48244.230899284	14263.410682049	62602.500749143	0	125110.142330477	0.00000000	0.000000000	0	0	0	0.000000000	-2253.521081858	-188513.209430381	0	0	0.0000000	0.000000000
2031-05-01	350	3568.327419699	100	0	50	0.000000000	0	0	0	0	0	4068.327419699	1400.000000000	0	400	0	0	0	0	1800.000000000	48143.722084911	14203.979804207	62341.656996022	0	124689.358885140	0.00000000	0.000000000	0	0	0	0.000000000	-2268.327419699	-191202.320295417	0	0	0.0000000	0.000000000
2031-06-01	350	3583.195450615	100	0	50	0.000000000	0	0	0	0	0	4083.195450615	1400.000000000	0	400	0	0	0	0	1800.000000000	48043.422663900	14144.796555023	62081.900091872	0	124270.119310795	0.00000000	0.000000000	0	0	0	0.000000000	-2283.195450615	-193904.755320377	0	0	0.0000000	0.000000000
2031-07-01	350	3598.125431659	100	0	50	0.000000000	0	0	0	0	0	4098.125431659	1400.000000000	0	400	0	0	0	0	1800.000000000	47943.332200017	14085.859902710	61823.225508156	0	123852.417610883	0.00000000	0.000000000	0	0	0	0.000000000	-2298.125431659	-196620.582451948	0	0	0.0000000	0.000000000
2031-08-01	350	3613.117620958	100	0	50	0.000000000	0	0	0	0	0	4113.117620958	1400.000000000	0	400	0	0	0	0	1800.000000000	47843.450257934	14027.168819783	61565.628735205	0	123436.247812921	0.00000000	0.000000000	0	0	0	0.000000000	-2313.117620958	-199349.869870867	0	0	0.0000000	0.000000000
2031-09-01	350	3628.172277712	100	0	50	0.000000000	0	0	0	0	0	4128.172277712	1400.000000000	0	400	0	0	0	0	1800.000000000	47743.776403230	13968.722283033	61309.105282142	0	123021.603968405	0.00000000	0.000000000	0	0	0	0.000000000	-2328.172277712	-202092.685993095	0	0	0.0000000	0.000000000
2031-10-01	350	3643.289662202	100	0	50	0.000000000	0	0	0	0	0	4143.289662202	1400.000000000	0	400	0	0	0	0	1800.000000000	47644.310202390	13910.519273521	61053.650676799	0	122608.480152710	0.00000000	0.000000000	0	0	0	0.000000000	-2343.289662202	-204849.099470993	0	0	0.0000000	0.000000000
2031-11-01	350	3658.470035795	100	0	50	0.000000000	0	0	0	0	0	4158.470035795	1400.000000000	0	400	0	0	0	0	1800.000000000	47545.051222802	13852.558776548	60799.260465646	0	122196.870464995	0.00000000	0.000000000	0	0	0	0.000000000	-2358.470035795	-207619.179194502	0	0	0.0000000	0.000000000
2031-12-01	350	3673.713660944	100	0	50	0.000000000	0	0	0	0	0	4173.713660944	1400.000000000	0	400	0	0	0	0	1800.000000000	47445.999032754	13794.839781646	60545.930213706	0	121786.769028105	0.00000000	0.000000000	0	0	0	0.000000000	-2373.713660944	-210402.994292336	0	0	0.0000000	0.000000000
2032-01-01	350	3689.020801198	100	0	50	0.000000000	0	0	0	0	0	4189.020801198	1400.000000000	0	400	0	0	0	0	1800.000000000	47347.153201436	13737.361282555	60293.655504482	0	121378.169988473	0.00000000	0.000000000	0	0	0	0.000000000	-2389.020801198	-213200.614133165	0	0	0.0000000	0.000000000
2032-02-01	350	3704.391721203	100	0	50	0.000000000	0	0	0	0	0	4204.391721203	1400.000000000	0	400	0	0	0	0	1800.000000000	47248.513298933	13680.122277211	60042.431939880	0	120971.067516024	0.00000000	0.000000000	0	0	0	0.000000000	-2404.391721203	-216012.108326817	0	0	0.0000000	0.000000000
2032-03-01	350	3719.826686708	100	0	50	0.000000000	0	0	0	0	0	4219.826686708	1400.000000000	0	400	0	0	0	0	1800.000000000	47150.078896227	13623.121767723	59792.255140131	0	120565.455804080	0.00000000	0.000000000	0	0	0	0.000000000	-2419.826686708	-218837.546725469	0	0	0.0000000	0.000000000
2032-04-01	350	3735.325964569	100	0	50	0.000000000	0	0	0	0	0	4235.325964569	1400.000000000	0	400	0	0	0	0	1800.000000000	47051.849565193	13566.358760357	59543.120743713	0	120161.329069264	0.00000000	0.000000000	0	0	0	0.000000000	-2435.325964569	-221676.999424854	0	0	0.0000000	0.000000000
2032-05-01	350	3750.889822755	100	0	50	0.000000000	0	0	0	0	0	4250.889822755	1400.000000000	0	400	0	0	0	0	1800.000000000	46953.824878599	13509.832265523	59295.024407281	0	119758.681551403	0.00000000	0.000000000	0	0	0	0.000000000	-2450.889822755	-224530.536765470	0	0	0.0000000	0.000000000
2032-06-01	350	3766.518530350	100	0	50	0.000000000	0	0	0	0	0	4266.518530350	1400.000000000	0	400	0	0	0	0	1800.000000000	46856.004410102	13453.541297750	59047.961805584	0	119357.507513436	0.00000000	0.000000000	0	0	0	0.000000000	-2466.518530350	-227398.229333787	0	0	0.0000000	0.000000000
2032-07-01	350	3782.212357559	100	0	50	0.000000000	0	0	0	0	0	4282.212357559	1400.000000000	0	400	0	0	0	0	1800.000000000	46758.387734247	13397.484875676	58801.928631394	0	118957.801241317	0.00000000	0.000000000	0	0	0	0.000000000	-2482.212357559	-230280.147963464	0	0	0.0000000	0.000000000
2032-08-01	350	3797.971575716	100	0	50	0.000000000	0	0	0	0	0	4297.971575716	1400.000000000	0	400	0	0	0	0	1800.000000000	46660.974426468	13341.662022027	58556.920595430	0	118559.557043925	0.00000000	0.000000000	0	0	0	0.000000000	-2497.971575716	-233176.363736573	0	0	0.0000000	0.000000000
2032-09-01	350	3813.796457281	100	0	50	0.000000000	0	0	0	0	0	4313.796457281	1400.000000000	0	400	0	0	0	0	1800.000000000	46563.764063079	13286.071763602	58312.933426283	0	118162.769252964	0.00000000	0.000000000	0	0	0	0.000000000	-2513.796457281	-236086.947984815	0	0	0.0000000	0.000000000
2032-10-01	350	3829.687275853	100	0	50	0.000000000	0	0	0	0	0	4329.687275853	1400.000000000	0	400	0	0	0	0	1800.000000000	46466.756221281	13230.713131254	58069.962870340	0	117767.432222874	0.00000000	0.000000000	0	0	0	0.000000000	-2529.687275853	-239011.972290758	0	0	0.0000000	0.000000000
2032-11-01	350	3845.644306169	100	0	50	0.000000000	0	0	0	0	0	4345.644306169	1400.000000000	0	400	0	0	0	0	1800.000000000	46369.950479153	13175.585159873	57828.004691713	0	117373.540330740	0.00000000	0.000000000	0	0	0	0.000000000	-2545.644306169	-241951.508489061	0	0	0.0000000	0.000000000
2032-12-01	350	3861.667824112	100	0	50	0.000000000	0	0	0	0	0	4361.667824112	1400.000000000	0	400	0	0	0	0	1800.000000000	46273.346415655	13120.686888374	57587.054672164	0	116981.087976193	0.00000000	0.000000000	0	0	0	0.000000000	-2561.667824112	-244905.628667719	0	0	0.0000000	0.000000000
2033-01-01	350	3877.758106712	100	0	50	0.000000000	0	0	0	0	0	4377.758106712	1400.000000000	0	400	0	0	0	0	1800.000000000	46176.943610623	13066.017359672	57347.108611030	0	116590.069581325	0.00000000	0.000000000	0	0	0	0.000000000	-2577.758106712	-247874.405169300	0	0	0.0000000	0.000000000
2033-02-01	350	3893.915432157	100	0	50	0.000000000	0	0	0	0	0	4393.915432157	1400.000000000	0	400	0	0	0	0	1800.000000000	46080.741644767	13011.575620674	57108.162325151	0	116200.479590592	0.00000000	0.000000000	0	0	0	0.000000000	-2593.915432157	-250857.910592190	0	0	0.0000000	0.000000000
2033-03-01	350	3910.140079791	100	0	50	0.000000000	0	0	0	0	0	4410.140079791	1400.000000000	0	400	0	0	0	0	1800.000000000	45984.740099674	12957.360722254	56870.211648796	0	115812.312470724	0.00000000	0.000000000	0	0	0	0.000000000	-2610.140079791	-253856.217791848	0	0	0.0000000	0.000000000
2033-04-01	350	3926.432330123	100	0	50	0.000000000	0	0	0	0	0	4426.432330123	1400.000000000	0	400	0	0	0	0	1800.000000000	45888.938557799	12903.371719245	56633.252433593	0	115425.562710637	0.00000000	0.000000000	0	0	0	0.000000000	-2626.432330123	-256869.399882059	0	0	0.0000000	0.000000000
2033-05-01	350	3942.792464832	100	0	50	0.000000000	0	0	0	0	0	4442.792464832	1400.000000000	0	400	0	0	0	0	1800.000000000	45793.336602471	12849.607670415	56397.280548453	0	115040.224821338	0.00000000	0.000000000	0	0	0	0.000000000	-2642.792464832	-259897.530236190	0	0	0.0000000	0.000000000
2033-06-01	350	3959.220766769	100	0	50	0.000000000	0	0	0	0	0	4459.220766769	1400.000000000	0	400	0	0	0	0	1800.000000000	45697.933817882	12796.067638455	56162.291879501	0	114656.293335838	0.00000000	0.000000000	0	0	0	0.000000000	-2659.220766769	-262940.682488459	0	0	0.0000000	0.000000000
2033-07-01	350	3975.717519964	100	0	50	0.000000000	0	0	0	0	0	4475.717519964	1400.000000000	0	400	0	0	0	0	1800.000000000	45602.729789095	12742.750689961	55928.282330003	0	114273.762809059	0.00000000	0.000000000	0	0	0	0.000000000	-2675.717519964	-265998.930535201	0	0	0.0000000	0.000000000
2033-08-01	350	3992.283009630	100	0	50	0.000000000	0	0	0	0	0	4492.283009630	1400.000000000	0	400	0	0	0	0	1800.000000000	45507.724102034	12689.655895419	55695.247820295	0	113892.627817749	0.00000000	0.000000000	0	0	0	0.000000000	-2692.283009630	-269072.348536142	0	0	0.0000000	0.000000000
2033-09-01	350	4008.917522170	100	0	50	0.000000000	0	0	0	0	0	4508.917522170	1400.000000000	0	400	0	0	0	0	1800.000000000	45412.916343489	12636.782329189	55463.184287710	0	113512.882960387	0.00000000	0.000000000	0	0	0	0.000000000	-2708.917522170	-272161.010915674	0	0	0.0000000	0.000000000
2033-10-01	350	4025.621345179	100	0	50	0.000000000	0	0	0	0	0	4525.621345179	1400.000000000	0	400	0	0	0	0	1800.000000000	45318.306101106	12584.129069484	55232.087686512	0	113134.522857101	0.00000000	0.000000000	0	0	0	0.000000000	-2725.621345179	-275264.992364139	0	0	0.0000000	0.000000000
2033-11-01	350	4042.394767451	100	0	50	0.000000000	0	0	0	0	0	4542.394767451	1400.000000000	0	400	0	0	0	0	1800.000000000	45223.892963396	12531.695198361	55001.953987818	0	112757.542149574	0.00000000	0.000000000	0	0	0	0.000000000	-2742.394767451	-278384.367839118	0	0	0.0000000	0.000000000
2033-12-01	350	4059.238078982	100	0	50	0.000000000	0	0	0	0	0	4559.238078982	1400.000000000	0	400	0	0	0	0	1800.000000000	45129.676519722	12479.479801701	54772.779179535	0	112381.935500958	0.00000000	0.000000000	0	0	0	0.000000000	-2759.238078982	-281519.212566716	0	0	0.0000000	0.000000000
2034-01-01	350	4076.151570978	100	0	50	0.000000000	0	0	0	0	0	4576.151570978	1400.000000000	0	400	0	0	0	0	1800.000000000	45035.656360306	12427.481969194	54544.559266287	0	112007.697595787	0.00000000	0.000000000	0	0	0	0.000000000	-2776.151570978	-284669.602042865	0	0	0.0000000	0.000000000
2034-02-01	350	4093.135535857	100	0	50	0.000000000	0	0	0	0	0	4593.135535857	1400.000000000	0	400	0	0	0	0	1800.000000000	44941.832076222	12375.700794322	54317.290269344	0	111634.823139888	0.00000000	0.000000000	0	0	0	0.000000000	-2793.135535857	-287835.612034620	0	0	0.0000000	0.000000000
2034-03-01	350	4110.190267256	100	0	50	0.000000000	0	0	0	0	0	4610.190267256	1400.000000000	0	400	0	0	0	0	1800.000000000	44848.203259396	12324.135374346	54090.968226555	0	111263.306860298	0.00000000	0.000000000	0	0	0	0.000000000	-2810.190267256	-291017.318581468	0	0	0.0000000	0.000000000
2034-04-01	350	4127.316060037	100	0	50	0.000000000	0	0	0	0	0	4627.316060037	1400.000000000	0	400	0	0	0	0	1800.000000000	44754.769502606	12272.784810286	53865.589192278	0	110893.143505170	0.00000000	0.000000000	0	0	0	0.000000000	-2827.316060037	-294214.797996632	0	0	0.0000000	0.000000000
2034-05-01	350	4144.513210287	100	0	50	0.000000000	0	0	0	0	0	4644.513210287	1400.000000000	0	400	0	0	0	0	1800.000000000	44661.530399475	12221.648206910	53641.149237310	0	110524.327843696	0.00000000	0.000000000	0	0	0	0.000000000	-2844.513210287	-297428.126868393	0	0	0.0000000	0.000000000
2034-06-01	350	4161.782015330	100	0	50	0.000000000	0	0	0	0	0	4661.782015330	1400.000000000	0	400	0	0	0	0	1800.000000000	44568.485544477	12170.724672714	53417.644448821	0	110156.854666012	0.00000000	0.000000000	0	0	0	0.000000000	-2861.782015330	-300657.382061405	0	0	0.0000000	0.000000000
2034-07-01	350	4179.122773727	100	0	50	0.000000000	0	0	0	0	0	4679.122773727	1400.000000000	0	400	0	0	0	0	1800.000000000	44475.634532926	12120.013319911	53195.070930285	0	109790.718783122	0.00000000	0.000000000	0	0	0	0.000000000	-2879.122773727	-303902.640718023	0	0	0.0000000	0.000000000
2034-08-01	350	4196.535785284	100	0	50	0.000000000	0	0	0	0	0	4696.535785284	1400.000000000	0	400	0	0	0	0	1800.000000000	44382.976960982	12069.513264412	52973.424801408	0	109425.915026802	0.00000000	0.000000000	0	0	0	0.000000000	-2896.535785284	-307163.980259626	0	0	0.0000000	0.000000000
2034-09-01	350	4214.021351056	100	0	50	0.000000000	0	0	0	0	0	4714.021351056	1400.000000000	0	400	0	0	0	0	1800.000000000	44290.512425647	12019.223625810	52752.702198069	0	109062.438249526	0.00000000	0.000000000	0	0	0	0.000000000	-2914.021351056	-310441.478387959	0	0	0.0000000	0.000000000
2034-10-01	350	4231.579773352	100	0	50	0.000000000	0	0	0	0	0	4731.579773352	1400.000000000	0	400	0	0	0	0	1800.000000000	44198.240524760	11969.143527369	52532.899272244	0	108700.283324373	0.00000000	0.000000000	0	0	0	0.000000000	-2931.579773352	-313735.213086464	0	0	0.0000000	0.000000000
2034-11-01	350	4249.211355741	100	0	50	0.000000000	0	0	0	0	0	4749.211355741	1400.000000000	0	400	0	0	0	0	1800.000000000	44106.160857000	11919.272096005	52314.012191943	0	108339.445144948	0.00000000	0.000000000	0	0	0	0.000000000	-2949.211355741	-317045.262621630	0	0	0.0000000	0.000000000
2034-12-01	350	4266.916403057	100	0	50	0.000000000	0	0	0	0	0	4766.916403057	1400.000000000	0	400	0	0	0	0	1800.000000000	44014.273021881	11869.608462272	52096.037141143	0	107979.918625296	0.00000000	0.000000000	0	0	0	0.000000000	-2966.916403057	-320371.705544338	0	0	0.0000000	0.000000000
2035-01-01	350	4284.695221403	100	0	50	0.000000000	0	0	0	0	0	4784.695221403	1400.000000000	0	400	0	0	0	0	1800.000000000	43922.576619752	11820.151760346	51878.970319722	0	107621.698699820	0.00000000	0.000000000	0	0	0	0.000000000	-2984.695221403	-323714.620691217	0	0	0.0000000	0.000000000
2035-02-01	350	4302.548118159	100	0	50	0.000000000	0	0	0	0	0	4802.548118159	1400.000000000	0	400	0	0	0	0	1800.000000000	43831.071251794	11770.901128011	51662.807943390	0	107264.780323195	0.00000000	0.000000000	0	0	0	0.000000000	-3002.548118159	-327074.087186000	0	0	0.0000000	0.000000000
2035-03-01	350	4320.475401984	100	0	50	0.000000000	0	0	0	0	0	4820.475401984	1400.000000000	0	400	0	0	0	0	1800.000000000	43739.756520020	11721.855706644	51447.546243625	0	106909.158470290	0.00000000	0.000000000	0	0	0	0.000000000	-3020.475401984	-330450.184440890	0	0	0.0000000	0.000000000
2035-04-01	350	4338.477382826	100	0	50	0.000000000	0	0	0	0	0	4838.477382826	1400.000000000	0	400	0	0	0	0	1800.000000000	43648.632027270	11673.014641200	51233.181467610	0	106554.828136080	0.00000000	0.000000000	0	0	0	0.000000000	-3038.477382826	-333842.992157925	0	0	0.0000000	0.000000000
2035-05-01	350	4356.554371921	100	0	50	0.000000000	0	0	0	0	0	4856.554371921	1400.000000000	0	400	0	0	0	0	1800.000000000	43557.697377213	11624.377080195	51019.709878162	0	106201.784335570	0.00000000	0.000000000	0	0	0	0.000000000	-3056.554371921	-337252.590330356	0	0	0.0000000	0.000000000
2035-06-01	350	4374.706681804	100	0	50	0.000000000	0	0	0	0	0	4874.706681804	1400.000000000	0	400	0	0	0	0	1800.000000000	43466.952174344	11575.942175694	50807.127753670	0	105850.022103708	0.00000000	0.000000000	0	0	0	0.000000000	-3074.706681804	-340679.059244023	0	0	0.0000000	0.000000000
2035-07-01	350	4392.934626311	100	0	50	0.000000000	0	0	0	0	0	4892.934626311	1400.000000000	0	400	0	0	0	0	1800.000000000	43376.396023981	11527.709083295	50595.431388029	0	105499.536495305	0.00000000	0.000000000	0	0	0	0.000000000	-3092.934626311	-344122.479478736	0	0	0.0000000	0.000000000
2035-08-01	350	4411.238520588	0	0	0	0.000000000	0	0	0	0	0	4761.238520588	0.000000000	0	200	0	0	0	0	200.000000000	43286.028532264	11479.676962115	50384.617090579	0	105150.322584958	0.00000000	0.000000000	0	0	0	0.000000000	-4561.238520588	-349032.931909671	0	0	0.0000000	0.000000000
2035-09-01	350	4429.618681090	0	0	0	0.000000000	0	0	0	0	0	4779.618681090	0.000000000	0	200	0	0	0	0	200.000000000	43195.849306155	11431.844974773	50174.681186035	0	104802.375466963	0.00000000	0.000000000	0	0	0	0.000000000	-4579.618681090	-353960.497708756	0	0	0.0000000	0.000000000
2035-10-01	350	4448.075425595	0	0	0	0.000000000	0	0	0	0	0	4798.075425595	0.000000000	0	200	0	0	0	0	200.000000000	43105.857953434	11384.212287378	49965.620014427	0	104455.690255239	0.00000000	0.000000000	0	0	0	0.000000000	-4598.075425595	-358905.258346076	0	0	0.0000000	0.000000000
2035-11-01	350	4466.609073201	0	0	0	0.000000000	0	0	0	0	0	4816.609073201	0.000000000	0	200	0	0	0	0	200.000000000	43016.054082698	11336.778069514	49757.429931033	0	104110.262083245	0.00000000	0.000000000	0	0	0	0.000000000	-4616.609073201	-363867.295591271	0	0	0.0000000	0.000000000
2035-12-01	350	4485.219944340	0	0	0	0.000000000	0	0	0	0	0	4835.219944340	0.000000000	0	200	0	0	0	0	200.000000000	42926.437303359	11289.541494224	49550.107306321	0	103766.086103903	0.00000000	0.000000000	0	0	0	0.000000000	-4635.219944340	-368846.691514952	0	0	0.0000000	0.000000000
2036-01-01	350	4503.908360774	0	0	0	0.000000000	0	0	0	0	0	4853.908360774	0.000000000	0	200	0	0	0	0	200.000000000	42837.007225643	11242.501737998	49343.648525878	0	103423.157489519	0.00000000	0.000000000	0	0	0	0.000000000	-4653.908360774	-373843.528490110	0	0	0.0000000	0.000000000
2036-02-01	350	4522.674645611	0	0	0	0.000000000	0	0	0	0	0	4872.674645611	0.000000000	0	200	0	0	0	0	200.000000000	42747.763460590	11195.657980757	49138.049990353	0	103081.471431700	0.00000000	0.000000000	0	0	0	0.000000000	-4672.674645611	-378857.889193541	0	0	0.0000000	0.000000000
2036-03-01	350	4541.519123301	0	0	0	0.000000000	0	0	0	0	0	4891.519123301	0.000000000	0	200	0	0	0	0	200.000000000	42658.705620047	11149.009405837	48933.308115393	0	102741.023141277	0.00000000	0.000000000	0	0	0	0.000000000	-4691.519123301	-383889.856607265	0	0	0.0000000	0.000000000
2036-04-01	350	4560.442119648	0	0	0	0.000000000	0	0	0	0	0	4910.442119648	0.000000000	0	200	0	0	0	0	200.000000000	42569.833316672	11102.555199979	48729.419331579	0	102401.807848230	0.00000000	0.000000000	0	0	0	0.000000000	-4710.442119648	-388939.514019960	0	0	0.0000000	0.000000000
2036-05-01	350	4579.443961813	0	0	0	0.000000000	0	0	0	0	0	4929.443961813	0.000000000	0	200	0	0	0	0	200.000000000	42481.146163929	11056.294553313	48526.380084364	0	102063.820801606	0.00000000	0.000000000	0	0	0	0.000000000	-4729.443961813	-394006.945028397	0	0	0.0000000	0.000000000
2036-06-01	350	4598.524978321	0	0	0	0.000000000	0	0	0	0	0	4948.524978321	0.000000000	0	200	0	0	0	0	200.000000000	42392.643776087	11010.226659340	48324.186834013	0	101727.057269441	0.00000000	0.000000000	0	0	0	0.000000000	-4748.524978321	-399092.233538883	0	0	0.0000000	0.000000000
2036-07-01	350	4617.685499064	0	0	0	0.000000000	0	0	0	0	0	4967.685499064	0.000000000	0	200	0	0	0	0	200.000000000	42304.325768221	10964.350714927	48122.836055538	0	101391.512538685	0.00000000	0.000000000	0	0	0	0.000000000	-4767.685499064	-404195.463768703	0	0	0.0000000	0.000000000
2036-08-01	350	4636.925855310	0	0	0	0.000000000	0	0	0	0	0	4986.925855310	0.000000000	0	200	0	0	0	0	200.000000000	42216.191756203	10918.665920281	47922.324238640	0	101057.181915124	0.00000000	0.000000000	0	0	0	0.000000000	-4786.925855310	-409316.720247574	0	0	0.0000000	0.000000000
2036-09-01	350	4656.246379707	0	0	0	0.000000000	0	0	0	0	0	5006.246379707	0.000000000	0	200	0	0	0	0	200.000000000	42128.241356711	10873.171478946	47722.647887645	0	100724.060723303	0.00000000	0.000000000	0	0	0	0.000000000	-4806.246379707	-414456.087819102	0	0	0.0000000	0.000000000
2036-10-01	350	4675.647406289	0	0	0	0.000000000	0	0	0	0	0	5025.647406289	0.000000000	0	200	0	0	0	0	200.000000000	42040.474187218	10827.866597784	47523.803521447	0	100392.144306449	0.00000000	0.000000000	0	0	0	0.000000000	-4825.647406289	-419613.651642245	0	0	0.0000000	0.000000000
2036-11-01	350	4695.129270482	0	0	0	0.000000000	0	0	0	0	0	5045.129270482	0.000000000	0	200	0	0	0	0	200.000000000	41952.889865995	10782.750486960	47325.787673441	0	100061.428026396	0.00000000	0.000000000	0	0	0	0.000000000	-4845.129270482	-424789.497192781	0	0	0.0000000	0.000000000
2036-12-01	350	4714.692309109	0	0	0	0.000000000	0	0	0	0	0	5064.692309109	0.000000000	0	200	0	0	0	0	200.000000000	41865.488012107	10737.822359931	47128.596891468	0	99731.907263506	0.00000000	0.000000000	0	0	0	0.000000000	-4864.692309109	-429983.710264779	0	0	0.0000000	0.000000000
2037-01-01	350	4734.336860397	0	0	0	0.000000000	0	0	0	0	0	5084.336860397	0.000000000	0	200	0	0	0	0	200.000000000	41778.268245415	10693.081433431	46932.227737754	0	99403.577416600	0.00000000	0.000000000	0	0	0	0.000000000	-4884.336860397	-435196.376972082	0	0	0.0000000	0.000000000
2037-02-01	350	4754.063263982	0	0	0	0.000000000	0	0	0	0	0	5104.063263982	0.000000000	0	200	0	0	0	0	200.000000000	41691.230186571	10648.526927459	46736.676788846	0	99076.433902876	0.00000000	0.000000000	0	0	0	0.000000000	-4904.063263982	-440427.583749789	0	0	0.0000000	0.000000000
2037-03-01	350	4773.871860915	0	0	0	0.000000000	0	0	0	0	0	5123.871860915	0.000000000	0	200	0	0	0	0	200.000000000	41604.373457015	10604.158065261	46541.940635559	0	98750.472157836	0.00000000	0.000000000	0	0	0	0.000000000	-4923.871860915	-445677.417355744	0	0	0.0000000	0.000000000
2037-04-01	350	4793.762993669	0	0	0	0.000000000	0	0	0	0	0	5143.762993669	0.000000000	0	200	0	0	0	0	200.000000000	41517.697678980	10559.974073322	46348.015882911	0	98425.687635214	0.00000000	0.000000000	0	0	0	0.000000000	-4943.762993669	-450945.964872035	0	0	0.0000000	0.000000000
2037-05-01	350	4813.737006143	0	0	0	0.000000000	0	0	0	0	0	5163.737006143	0.000000000	0	200	0	0	0	0	200.000000000	41431.202475482	10515.974181350	46154.899150066	0	98102.075806898	0.00000000	0.000000000	0	0	0	0.000000000	-4963.737006143	-456233.313706494	0	0	0.0000000	0.000000000
2037-06-01	350	4833.794243668	0	0	0	0.000000000	0	0	0	0	0	5183.794243668	0.000000000	0	200	0	0	0	0	200.000000000	41344.887470325	10472.157622261	45962.587070274	0	97779.632162860	0.00000000	0.000000000	0	0	0	0.000000000	-4983.794243668	-461539.551594200	0	0	0.0000000	0.000000000
2037-07-01	350	4853.935053017	0	0	0	0.000000000	0	0	0	0	0	5203.935053017	0.000000000	0	200	0	0	0	0	200.000000000	41258.752288095	10428.523632169	45771.076290814	0	97458.352211078	0.00000000	0.000000000	0	0	0	0.000000000	-5003.935053017	-466864.766598999	0	0	0.0000000	0.000000000
2037-08-01	350	4874.159782405	0	0	0	0.000000000	0	0	0	0	0	5224.159782405	0.000000000	0	200	0	0	0	0	200.000000000	41172.796554161	10385.071450368	45580.363472936	0	97138.231477465	0.00000000	0.000000000	0	0	0	0.000000000	-5024.159782405	-472209.047115016	0	0	0.0000000	0.000000000
2037-09-01	350	4894.468781498	0	0	0	0.000000000	0	0	0	0	0	5244.468781498	0.000000000	0	200	0	0	0	0	200.000000000	41087.019894674	10341.800319325	45390.445291799	0	96819.265505797	0.00000000	0.000000000	0	0	0	0.000000000	-5044.468781498	-477572.481868182	0	0	0.0000000	0.000000000
2037-10-01	350	4914.862401421	0	0	0	0.000000000	0	0	0	0	0	5264.862401421	0.000000000	0	200	0	0	0	0	200.000000000	41001.421936560	10298.709484661	45201.318436416	0	96501.449857637	0.00000000	0.000000000	0	0	0	0.000000000	-5064.862401421	-482955.159917763	0	0	0.0000000	0.000000000
2037-11-01	350	4935.340994760	0	0	0	0.000000000	0	0	0	0	0	5285.340994760	0.000000000	0	200	0	0	0	0	200.000000000	40916.002307525	10255.798195141	45012.979609598	0	96184.780112264	0.00000000	0.000000000	0	0	0	0.000000000	-5085.340994760	-488357.170657896	0	0	0.0000000	0.000000000
2037-12-01	350	4955.904915572	0	0	0	0.000000000	0	0	0	0	0	5305.904915572	0.000000000	0	200	0	0	0	0	200.000000000	40830.760636051	10213.065702662	44825.425527891	0	95869.251866604	0.00000000	0.000000000	0	0	0	0.000000000	-5105.904915572	-493778.603819127	0	0	0.0000000	0.000000000
2038-01-01	350	4976.554519386	0	0	0	0.000000000	0	0	0	0	0	5326.554519386	0.000000000	0	200	0	0	0	0	200.000000000	40745.696551393	10170.511262234	44638.652921525	0	95554.860735152	0.00000000	0.000000000	0	0	0	0.000000000	-5126.554519386	-499219.549469966	0	0	0.0000000	0.000000000
2038-02-01	350	4997.290163217	0	0	0	0.000000000	0	0	0	0	0	5347.290163217	0.000000000	0	200	0	0	0	0	200.000000000	40660.809683577	10128.134131975	44452.658534352	0	95241.602349904	0.00000000	0.000000000	0	0	0	0.000000000	-5147.290163217	-504680.098018431	0	0	0.0000000	0.000000000
2038-03-01	350	5018.112205564	0	0	0	0.000000000	0	0	0	0	0	5368.112205564	0.000000000	0	200	0	0	0	0	200.000000000	40576.099663403	10085.933573091	44267.439123792	0	94929.472360287	0.00000000	0.000000000	0	0	0	0.000000000	-5168.112205564	-510160.340213612	0	0	0.0000000	0.000000000
2038-04-01	350	5039.021006420	0	0	0	0.000000000	0	0	0	0	0	5389.021006420	0.000000000	0	200	0	0	0	0	200.000000000	40491.566122438	10043.908849870	44082.991460776	0	94618.466433084	0.00000000	0.000000000	0	0	0	0.000000000	-5189.021006420	-515660.367147235	0	0	0.0000000	0.000000000
2038-05-01	350	5060.016927281	0	0	0	0.000000000	0	0	0	0	0	5410.016927281	0.000000000	0	200	0	0	0	0	200.000000000	40407.208693016	10002.059229662	43899.312329690	0	94308.580252368	0.00000000	0.000000000	0	0	0	0.000000000	-5210.016927281	-521180.270255232	0	0	0.0000000	0.000000000
2038-06-01	350	5081.100331144	0	0	0	0.000000000	0	0	0	0	0	5431.100331144	0.000000000	0	200	0	0	0	0	200.000000000	40323.027008239	9960.383982872	43716.398528316	0	93999.809519427	0.00000000	0.000000000	0	0	0	0.000000000	-5231.100331144	-526720.141319317	0	0	0.0000000	0.000000000
2038-07-01	350	5102.271582524	0	0	0	0.000000000	0	0	0	0	0	5452.271582524	0.000000000	0	200	0	0	0	0	200.000000000	40239.020701972	9918.882382943	43534.246867781	0	93692.149952697	0.00000000	0.000000000	0	0	0	0.000000000	-5252.271582524	-532280.072468571	0	0	0.0000000	0.000000000
2038-08-01	350	5123.531047451	0	0	0	0.000000000	0	0	0	0	0	5473.531047451	0.000000000	0	200	0	0	0	0	200.000000000	40155.189408843	9877.553706348	43352.854172499	0	93385.597287690	0.00000000	0.000000000	0	0	0	0.000000000	-5273.531047451	-537860.156181030	0	0	0.0000000	0.000000000
2038-09-01	350	5144.879093482	0	0	0	0.000000000	0	0	0	0	0	5494.879093482	0.000000000	0	200	0	0	0	0	200.000000000	40071.532764241	9836.397232571	43172.217280114	0	93080.147276926	0.00000000	0.000000000	0	0	0	0.000000000	-5294.879093482	-543460.485285276	0	0	0.0000000	0.000000000
2038-10-01	350	5166.316089705	0	0	0	0.000000000	0	0	0	0	0	5516.316089705	0.000000000	0	200	0	0	0	0	200.000000000	39988.050404315	9795.412244102	42992.333041446	0	92775.795689864	0.00000000	0.000000000	0	0	0	0.000000000	-5316.316089705	-549081.152962042	0	0	0.0000000	0.000000000
2038-11-01	350	5187.842406745	0	0	0	0.000000000	0	0	0	0	0	5537.842406745	0.000000000	0	200	0	0	0	0	200.000000000	39904.741965973	9754.598026419	42813.198320440	0	92472.538312832	0.00000000	0.000000000	0	0	0	0.000000000	-5337.842406745	-554722.252745820	0	0	0.0000000	0.000000000
2038-12-01	350	5209.458416774	0	0	0	0.000000000	0	0	0	0	0	5559.458416774	0.000000000	0	200	0	0	0	0	200.000000000	39821.607086877	9713.953867975	42634.809994105	0	92170.370948958	0.00000000	0.000000000	0	0	0	0.000000000	-5359.458416774	-560383.878526468	0	0	0.0000000	0.000000000
2039-01-01	350	5231.164493510	0	0	0	0.000000000	0	0	0	0	0	5581.164493510	0.000000000	0	200	0	0	0	0	200.000000000	39738.645405446	9673.479060192	42457.164952463	0	91869.289418101	0.00000000	0.000000000	0	0	0	0.000000000	-5381.164493510	-566066.124550834	0	0	0.0000000	0.000000000
2039-02-01	350	5252.961012233	0	0	0	0.000000000	0	0	0	0	0	5602.961012233	0.000000000	0	200	0	0	0	0	200.000000000	39655.856560852	9633.172897441	42280.260098495	0	91569.289556787	0.00000000	0.000000000	0	0	0	0.000000000	-5402.961012233	-571769.085424381	0	0	0.0000000	0.000000000
2039-03-01	350	5274.848349784	0	0	0	0.000000000	0	0	0	0	0	5624.848349784	0.000000000	0	200	0	0	0	0	200.000000000	39573.240193017	9593.034677035	42104.092348084	0	91270.367218136	0.00000000	0.000000000	0	0	0	0.000000000	-5424.848349784	-577492.856112817	0	0	0.0000000	0.000000000
2039-04-01	350	5296.826884575	0	0	0	0.000000000	0	0	0	0	0	5646.826884575	0.000000000	0	200	0	0	0	0	200.000000000	39490.795942614	9553.063699214	41928.658629967	0	90972.518271796	0.00000000	0.000000000	0	0	0	0.000000000	-5446.826884575	-583237.531943732	0	0	0.0000000	0.000000000
2039-05-01	350	5318.896996594	0	0	0	0.000000000	0	0	0	0	0	5668.896996594	0.000000000	0	200	0	0	0	0	200.000000000	39408.523451067	9513.259267134	41753.955885676	0	90675.738603877	0.00000000	0.000000000	0	0	0	0.000000000	-5468.896996594	-589003.208608245	0	0	0.0000000	0.000000000
2039-06-01	350	5341.059067413	0	0	0	0.000000000	0	0	0	0	0	5691.059067413	0.000000000	0	200	0	0	0	0	200.000000000	39326.422360544	9473.620686854	41579.981069485	0	90380.024116884	0.00000000	0.000000000	0	0	0	0.000000000	-5491.059067413	-594789.982162651	0	0	0.0000000	0.000000000
2039-07-01	350	5363.313480194	0	0	0	0.000000000	0	0	0	0	0	5713.313480194	0.000000000	0	200	0	0	0	0	200.000000000	39244.492313960	9434.147267326	41406.731148362	0	90085.370729648	0.00000000	0.000000000	0	0	0	0.000000000	-5513.313480194	-600597.949030080	0	0	0.0000000	0.000000000
2039-08-01	350	5385.660619695	0	0	0	0.000000000	0	0	0	0	0	5735.660619695	0.000000000	0	200	0	0	0	0	200.000000000	39162.732954972	9394.838320379	41234.203101911	0	89791.774377262	0.00000000	0.000000000	0	0	0	0.000000000	-5535.660619695	-606427.206002161	0	0	0.0000000	0.000000000
2039-09-01	350	5408.100872277	0	0	0	0.000000000	0	0	0	0	0	5758.100872277	0.000000000	0	200	0	0	0	0	200.000000000	39081.143927983	9355.693160710	41062.393922320	0	89499.231011013	0.00000000	0.000000000	0	0	0	0.000000000	-5558.100872277	-612277.850240687	0	0	0.0000000	0.000000000
2039-10-01	350	5430.634625911	0	0	0	0.000000000	0	0	0	0	0	5780.634625911	0.000000000	0	200	0	0	0	0	200.000000000	38999.724878133	9316.711105874	40891.300614310	0	89207.736598317	0.00000000	0.000000000	0	0	0	0.000000000	-5580.634625911	-618149.979279294	0	0	0.0000000	0.000000000
2039-11-01	350	5453.262270186	0	0	0	0.000000000	0	0	0	0	0	5803.262270186	0.000000000	0	200	0	0	0	0	200.000000000	38918.475451303	9277.891476266	40720.920195084	0	88917.287122653	0.00000000	0.000000000	0	0	0	0.000000000	-5603.262270186	-624043.691025144	0	0	0.0000000	0.000000000
2039-12-01	350	5475.984196312	0	0	0	0.000000000	0	0	0	0	0	5825.984196312	0.000000000	0	200	0	0	0	0	200.000000000	38837.395294113	9239.233595115	40551.249694271	0	88627.878583499	0.00000000	0.000000000	0	0	0	0.000000000	-5625.984196312	-629959.083760610	0	0	0.0000000	0.000000000
2040-01-01	350	5498.800797130	0	0	0	0.000000000	0	0	0	0	0	5848.800797130	0.000000000	0	200	0	0	0	0	200.000000000	38756.484053917	9200.736788469	40382.286153878	0	88339.506996264	0.00000000	0.000000000	0	0	0	0.000000000	-5648.800797130	-635896.256144974	0	0	0.0000000	0.000000000
2040-02-01	350	5521.712467118	0	0	0	0.000000000	0	0	0	0	0	5871.712467118	0.000000000	0	200	0	0	0	0	200.000000000	38675.741378805	9162.400385184	40214.026628237	0	88052.168392225	0.00000000	0.000000000	0	0	0	0.000000000	-5671.712467118	-641855.307216131	0	0	0.0000000	0.000000000
2040-03-01	350	5544.719602397	0	0	0	0.000000000	0	0	0	0	0	5894.719602397	0.000000000	0	200	0	0	0	0	200.000000000	38595.166917599	9124.223716912	40046.468183953	0	87765.858818464	0.00000000	0.000000000	0	0	0	0.000000000	-5694.719602397	-647836.336392290	0	0	0.0000000	0.000000000
2040-04-01	350	5567.822600741	0	0	0	0.000000000	0	0	0	0	0	5917.822600741	0.000000000	0	200	0	0	0	0	200.000000000	38514.760319854	9086.206118091	39879.607899853	0	87480.574337798	0.00000000	0.000000000	0	0	0	0.000000000	-5717.822600741	-653839.443473696	0	0	0.0000000	0.000000000
2040-05-01	350	5591.021861577	0	0	0	0.000000000	0	0	0	0	0	5941.021861577	0.000000000	0	200	0	0	0	0	200.000000000	38434.521235854	9048.346925933	39713.442866937	0	87196.311028724	0.00000000	0.000000000	0	0	0	0.000000000	-5741.021861577	-659864.728644347	0	0	0.0000000	0.000000000
2040-06-01	350	5614.317786000	0	0	0	0.000000000	0	0	0	0	0	5964.317786000	0.000000000	0	200	0	0	0	0	200.000000000	38354.449316613	9010.645480408	39547.970188325	0	86913.064985346	0.00000000	0.000000000	0	0	0	0.000000000	-5764.317786000	-665912.292473726	0	0	0.0000000	0.000000000
2040-07-01	350	5637.710776775	0	0	0	0.000000000	0	0	0	0	0	5987.710776775	0.000000000	0	200	0	0	0	0	200.000000000	38274.544213870	8973.101124240	39383.186979207	0	86630.832317316	0.00000000	0.000000000	0	0	0	0.000000000	-5787.710776775	-671982.235918531	0	0	0.0000000	0.000000000
2040-08-01	350	5661.201238345	0	0	0	0.000000000	0	0	0	0	0	6011.201238345	0.000000000	0	200	0	0	0	0	200.000000000	38194.805580091	8935.713202889	39219.090366793	0	86349.609149773	0.00000000	0.000000000	0	0	0	0.000000000	-5811.201238345	-678074.660324419	0	0	0.0000000	0.000000000
2040-09-01	350	5684.789576838	0	0	0	0.000000000	0	0	0	0	0	6034.789576838	0.000000000	0	200	0	0	0	0	200.000000000	38115.233068466	8898.481064543	39055.677490265	0	86069.391623274	0.00000000	0.000000000	0	0	0	0.000000000	-5834.789576838	-684189.667427757	0	0	0.0000000	0.000000000
2040-10-01	350	5708.476200075	0	0	0	0.000000000	0	0	0	0	0	6058.476200075	0.000000000	0	200	0	0	0	0	200.000000000	38035.826332907	8861.404060108	38892.945500722	0	85790.175893736	0.00000000	0.000000000	0	0	0	0.000000000	-5858.476200075	-690327.359357369	0	0	0.0000000	0.000000000
2040-11-01	350	5732.261517575	0	0	0	0.000000000	0	0	0	0	0	6082.261517575	0.000000000	0	200	0	0	0	0	200.000000000	37956.585028046	8824.481543191	38730.891561136	0	85511.958132373	0.00000000	0.000000000	0	0	0	0.000000000	-5882.261517575	-696487.838636309	0	0	0.0000000	0.000000000
2040-12-01	350	5756.145940565	0	0	0	0.000000000	0	0	0	0	0	6106.145940565	0.000000000	0	200	0	0	0	0	200.000000000	37877.508809238	8787.712870094	38569.512846298	0	85234.734525630	0.00000000	0.000000000	0	0	0	0.000000000	-5906.145940565	-702671.208183617	0	0	0.0000000	0.000000000
2041-01-01	350	5780.129881984	0	0	0	0.000000000	0	0	0	0	0	6130.129881984	0.000000000	0	200	0	0	0	0	200.000000000	37798.597332552	8751.097399802	38408.806542771	0	84958.501275125	0.00000000	0.000000000	0	0	0	0.000000000	-5930.129881984	-708877.571316106	0	0	0.0000000	0.000000000
2041-02-01	350	5804.213756493	0	0	0	0.000000000	0	0	0	0	0	6154.213756493	0.000000000	0	200	0	0	0	0	200.000000000	37719.850254776	8714.634493969	38248.769848843	0	84683.254597589	0.00000000	0.000000000	0	0	0	0.000000000	-5954.213756493	-715107.031750135	0	0	0.0000000	0.000000000
2041-03-01	350	5828.397980478	0	0	0	0.000000000	0	0	0	0	0	6178.397980478	0.000000000	0	200	0	0	0	0	200.000000000	37641.267233412	8678.323516911	38089.399974473	0	84408.990724796	0.00000000	0.000000000	0	0	0	0.000000000	-5978.397980478	-721359.693603406	0	0	0.0000000	0.000000000
2041-04-01	350	5852.682972063	0	0	0	0.000000000	0	0	0	0	0	6202.682972063	0.000000000	0	200	0	0	0	0	200.000000000	37562.847926676	8642.163835591	37930.694141246	0	84135.705903512	0.00000000	0.000000000	0	0	0	0.000000000	-6002.682972063	-727635.661396753	0	0	0.0000000	0.000000000
2041-05-01	350	5877.069151114	0	0	0	0.000000000	0	0	0	0	0	6227.069151114	0.000000000	0	200	0	0	0	0	200.000000000	37484.591993495	8606.154819609	37772.649582324	0	83863.396395428	0.00000000	0.000000000	0	0	0	0.000000000	-6027.069151114	-733935.040055950	0	0	0.0000000	0.000000000
2041-06-01	350	5901.556939243	0	0	0	0.000000000	0	0	0	0	0	6251.556939243	0.000000000	0	200	0	0	0	0	200.000000000	37406.499093508	8570.295841194	37615.263542398	0	83592.058477100	0.00000000	0.000000000	0	0	0	0.000000000	-6051.556939243	-740257.934913521	0	0	0.0000000	0.000000000
2041-07-01	350	5926.146759823	0	0	0	0.000000000	0	0	0	0	0	6276.146759823	0.000000000	0	200	0	0	0	0	200.000000000	37328.568887064	8534.586275189	37458.533277638	0	83321.688439891	0.00000000	0.000000000	0	0	0	0.000000000	-6076.146759823	-746604.451710555	0	0	0.0000000	0.000000000
2041-08-01	350	5950.839037989	0	0	0	0.000000000	0	0	0	0	0	6300.839037989	0.000000000	0	200	0	0	0	0	200.000000000	37250.801035216	8499.025499042	37302.456055648	0	83052.282589906	0.00000000	0.000000000	0	0	0	0.000000000	-6100.839037989	-752974.696598529	0	0	0.0000000	0.000000000
2041-09-01	350	5975.634200648	0	0	0	0.000000000	0	0	0	0	0	6325.634200648	0.000000000	0	200	0	0	0	0	200.000000000	37173.195199726	8463.612892796	37147.029155416	0	82783.837247938	0.00000000	0.000000000	0	0	0	0.000000000	-6125.634200648	-759368.776141145	0	0	0.0000000	0.000000000
2041-10-01	350	6000.532676484	0	0	0	0.000000000	0	0	0	0	0	6350.532676484	0.000000000	0	200	0	0	0	0	200.000000000	37095.751043060	8428.347839076	36992.249867268	0	82516.348749404	0.00000000	0.000000000	0	0	0	0.000000000	-6150.532676484	-765786.797316162	0	0	0.0000000	0.000000000
2041-11-01	350	6025.534895969	0	0	0	0.000000000	0	0	0	0	0	6375.534895969	0.000000000	0	200	0	0	0	0	200.000000000	37018.468228386	8393.229723080	36838.115492821	0	82249.813444288	0.00000000	0.000000000	0	0	0	0.000000000	-6175.534895969	-772228.867517247	0	0	0.0000000	0.000000000
2041-12-01	350	6050.641291369	0	0	0	0.000000000	0	0	0	0	0	6400.641291369	0.000000000	0	200	0	0	0	0	200.000000000	36941.346419577	8358.257932568	36684.623344935	0	81984.227697079	0.00000000	0.000000000	0	0	0	0.000000000	-6200.641291369	-778695.094555825	0	0	0.0000000	0.000000000
2042-01-01	350	6075.852296750	0	0	0	0.000000000	0	0	0	0	0	6425.852296750	0.000000000	0	200	0	0	0	0	200.000000000	36864.385281203	8323.431857848	36531.770747664	0	81719.587886716	0.00000000	0.000000000	0	0	0	0.000000000	-6225.852296750	-785185.586662938	0	0	0.0000000	0.000000000
2042-02-01	350	6101.168347986	0	0	0	0.000000000	0	0	0	0	0	6451.168347986	0.000000000	0	200	0	0	0	0	200.000000000	36787.584478534	8288.750891774	36379.555036215	0	81455.890406524	0.00000000	0.000000000	0	0	0	0.000000000	-6251.168347986	-791700.452491116	0	0	0.0000000	0.000000000
2042-03-01	350	6126.589882769	0	0	0	0.000000000	0	0	0	0	0	6476.589882769	0.000000000	0	200	0	0	0	0	200.000000000	36710.943677537	8254.214429725	36227.973556898	0	81193.131664160	0.00000000	0.000000000	0	0	0	0.000000000	-6276.589882769	-798239.801116249	0	0	0.0000000	0.000000000
2042-04-01	350	6152.117340614	0	0	0	0.000000000	0	0	0	0	0	6502.117340614	0.000000000	0	200	0	0	0	0	200.000000000	36634.462544876	8219.821869601	36077.023667077	0	80931.308081554	0.00000000	0.000000000	0	0	0	0.000000000	-6302.117340614	-804803.742039469	0	0	0.0000000	0.000000000
2042-05-01	350	6177.751162867	0	0	0	0.000000000	0	0	0	0	0	6527.751162867	0.000000000	0	200	0	0	0	0	200.000000000	36558.140747907	8185.572611811	35926.702735131	0	80670.416094850	0.00000000	0.000000000	0	0	0	0.000000000	-6327.751162867	-811392.385189041	0	0	0.0000000	0.000000000
2042-06-01	350	6203.491792712	0	0	0	0.000000000	0	0	0	0	0	6553.491792712	0.000000000	0	200	0	0	0	0	200.000000000	36481.977954682	8151.466059262	35777.008140402	0	80410.452154346	0.00000000	0.000000000	0	0	0	0.000000000	-6353.491792712	-818005.840922256	0	0	0.0000000	0.000000000
2042-07-01	350	6229.339675182	0	0	0	0.000000000	0	0	0	0	0	6579.339675182	0.000000000	0	200	0	0	0	0	200.000000000	36405.973833943	8117.501617348	35627.937273150	0	80151.412724442	0.00000000	0.000000000	0	0	0	0.000000000	-6379.339675182	-824644.220027342	0	0	0.0000000	0.000000000
2042-08-01	350	6255.295257162	0	0	0	0.000000000	0	0	0	0	0	6605.295257162	0.000000000	0	200	0	0	0	0	200.000000000	36330.128055123	8083.678693943	35479.487534512	0	79893.294283577	0.00000000	0.000000000	0	0	0	0.000000000	-6405.295257162	-831307.633725368	0	0	0.0000000	0.000000000
2042-09-01	350	6281.358987400	0	0	0	0.000000000	0	0	0	0	0	6631.358987400	0.000000000	0	200	0	0	0	0	200.000000000	36254.440288341	8049.996699385	35331.656336451	0	79636.093324177	0.00000000	0.000000000	0	0	0	0.000000000	-6431.358987400	-837996.193672168	0	0	0.0000000	0.000000000
2042-10-01	350	6307.531316514	0	0	0	0.000000000	0	0	0	0	0	6657.531316514	0.000000000	0	200	0	0	0	0	200.000000000	36178.910204407	8016.455046471	35184.441101716	0	79379.806352594	0.00000000	0.000000000	0	0	0	0.000000000	-6457.531316514	-844710.011960266	0	0	0.0000000	0.000000000
2042-11-01	350	6333.812696999	0	0	0	0.000000000	0	0	0	0	0	6683.812696999	0.000000000	0	200	0	0	0	0	200.000000000	36103.537474815	7983.053150444	35037.839263792	0	79124.429889050	0.00000000	0.000000000	0	0	0	0.000000000	-6483.812696999	-851449.201120808	0	0	0.0000000	0.000000000
2042-12-01	350	6360.203583237	0	0	0	0.000000000	0	0	0	0	0	6710.203583237	0.000000000	0	200	0	0	0	0	200.000000000	36028.321771742	7949.790428983	34891.848266860	0	78869.960467585	0.00000000	0.000000000	0	0	0	0.000000000	-6510.203583237	-858213.874125510	0	0	0.0000000	0.000000000
2043-01-01	350	6386.704431500	0	0	0	0.000000000	0	0	0	0	0	6736.704431500	0.000000000	0	200	0	0	0	0	200.000000000	35953.262768051	7916.666302196	34746.465565748	0	78616.394635995	0.00000000	0.000000000	0	0	0	0.000000000	-6536.704431500	-865004.144388601	0	0	0.0000000	0.000000000
2043-02-01	350	6413.315699965	0	0	0	0.000000000	0	0	0	0	0	6763.315699965	0.000000000	0	200	0	0	0	0	200.000000000	35878.360137284	7883.680192604	34601.688625891	0	78363.728955778	0.00000000	0.000000000	0	0	0	0.000000000	-6563.315699965	-871820.125768783	0	0	0.0000000	0.000000000
2043-03-01	350	6440.037848715	0	0	0	0.000000000	0	0	0	0	0	6790.037848715	0.000000000	0	200	0	0	0	0	200.000000000	35803.613553665	7850.831525134	34457.514923283	0	78111.960002082	0.00000000	0.000000000	0	0	0	0.000000000	-6590.037848715	-878661.932571194	0	0	0.0000000	0.000000000
2043-04-01	350	6466.871339751	0	0	0	0.000000000	0	0	0	0	0	6816.871339751	0.000000000	0	200	0	0	0	0	200.000000000	35729.022692095	7818.119727113	34313.941944436	0	77861.084363643	0.00000000	0.000000000	0	0	0	0.000000000	-6616.871339751	-885529.679549384	0	0	0.0000000	0.000000000
2043-05-01	350	6493.816637000	0	0	0	0.000000000	0	0	0	0	0	6843.816637000	0.000000000	0	200	0	0	0	0	200.000000000	35654.587228153	7785.544228250	34170.967186334	0	77611.098642737	0.00000000	0.000000000	0	0	0	0.000000000	-6643.816637000	-892423.481907291	0	0	0.0000000	0.000000000
2043-06-01	350	6520.874206321	0	0	0	0.000000000	0	0	0	0	0	6870.874206321	0.000000000	0	200	0	0	0	0	200.000000000	35580.306838094	7753.104460632	34028.588156391	0	77361.999455117	0.00000000	0.000000000	0	0	0	0.000000000	-6670.874206321	-899343.455301231	0	0	0.0000000	0.000000000
2043-07-01	350	6548.044515514	0	0	0	0.000000000	0	0	0	0	0	6898.044515514	0.000000000	0	200	0	0	0	0	200.000000000	35506.181198848	7720.799858713	33886.802372406	0	77113.783429967	0.00000000	0.000000000	0	0	0	0.000000000	-6698.044515514	-906289.715841895	0	0	0.0000000	0.000000000
2043-08-01	350	6575.328034329	0	0	0	0.000000000	0	0	0	0	0	6925.328034329	0.000000000	0	200	0	0	0	0	200.000000000	35432.209988017	7688.629859302	33745.607362521	0	76866.447209840	0.00000000	0.000000000	0	0	0	0.000000000	-6725.328034329	-913262.380096351	0	0	0.0000000	0.000000000
2043-09-01	350	6602.725234472	0	0	0	0.000000000	0	0	0	0	0	6952.725234472	0.000000000	0	200	0	0	0	0	200.000000000	35358.392883875	7656.593901555	33605.000665177	0	76619.987450607	0.00000000	0.000000000	0	0	0	0.000000000	-6752.725234472	-920261.565090055	0	0	0.0000000	0.000000000
2043-10-01	350	6630.236589615	0	0	0	0.000000000	0	0	0	0	0	6980.236589615	0.000000000	0	200	0	0	0	0	200.000000000	35284.729565367	7624.691426965	33464.979829072	0	76374.400821404	0.00000000	0.000000000	0	0	0	0.000000000	-6780.236589615	-927287.388308873	0	0	0.0000000	0.000000000
2043-11-01	350	6657.862575405	0	0	0	0.000000000	0	0	0	0	0	7007.862575405	0.000000000	0	200	0	0	0	0	200.000000000	35211.219712106	7592.921879352	33325.542413118	0	76129.684004576	0.00000000	0.000000000	0	0	0	0.000000000	-6807.862575405	-934339.967701107	0	0	0.0000000	0.000000000
2043-12-01	350	6685.603669470	0	0	0	0.000000000	0	0	0	0	0	7035.603669470	0.000000000	0	200	0	0	0	0	200.000000000	35137.863004373	7561.284704855	33186.685986396	0	75885.833695624	0.00000000	0.000000000	0	0	0	0.000000000	-6835.603669470	-941419.421679528	0	0	0.0000000	0.000000000
2044-01-01	0	0.000000000	0	0	0	0.000000000	0	0	0	0	0	0.000000000	0.000000000	0	0	0	0	0	0	0.000000000	35064.659123114	7529.779351918	33048.408128120	0	75642.846603151	0.00000000	0.000000000	0	0	0	0.000000000	0.000000000	-941662.408772001	0	0	0.0000000	0.000000000
2044-02-01	0	0.000000000	0	0	0	0.000000000	0	0	0	0	0	0.000000000	0.000000000	0	0	0	0	0	0	0.000000000	35064.659123114	7529.779351918	33048.408128120	0	75642.846603151	0.00000000	0.000000000	0	0	0	0.000000000	0.000000000	-941662.408772001	0	0	0.0000000	0.000000000
2044-03-01	0	0.000000000	0	0	0	0.000000000	0	0	0	0	0	0.000000000	0.000000000	0	0	0	0	0	0	0.000000000	35064.659123114	7529.779351918	33048.408128120	0	75642.846603151	0.00000000	0.000000000	0	0	0	0.000000000	0.000000000	-941662.408772001	0	0	0.0000000	0.000000000
